测量时间：20160724_16_43_55
操作人：3
插损：0dB
长度差：0m
折射率：1.45
7540
7580
7781
7516
7554
7521
7186
7372
7208
7463
7443
7455
7433
7430
7414
7419
7430
7433
7421
7430
7394
7382
7389
7392
7374
7354
7342
7339
7329
7365
7326
7328
7314
7316
7299
7300
7303
7329
7344
7337
7338
7338
7324
7333
7348
7356
7384
7381
7336
7337
7340
7359
7372
7372
7355
7346
7346
7339
7347
7351
7356
7369
7364
7368
7358
7327
7328
7356
7365
7353
7340
7347
7346
7359
7365
7359
7366
7355
7328
7309
7298
7297
7338
7350
7347
7339
7315
7308
7307
7278
7253
7256
7280
7276
7270
7261
7257
7272
7275
7270
7237
7202
7218
7218
7213
7238
7249
7254
7277
7274
7260
7264
7260
7253
7259
7263
7278
7266
7276
7297
7285
7271
7271
7270
7253
7261
7259
7261
7249
7251
7238
7242
7255
7242
7234
7208
7223
7185
7195
7187
7179
7181
7190
7205
7179
7175
7173
7194
7198
7185
7153
7120
7126
7139
7151
7119
7158
7151
7171
7165
7183
7171
7167
7170
7171
7153
7146
7150
7136
7122
7143
7138
7134
7135
7132
7113
7115
7094
7118
7099
7107
7094
7097
7090
7073
7064
7069
7065
7087
7087
7083
7053
7048
7067
7065
7050
7052
7020
7010
6997
6989
7000
7006
7036
7003
6981
6986
6985
6982
6951
6985
6995
6999
7009
7012
7007
7020
7023
7028
7023
7011
7009
7008
7045
7045
7044
7037
7038
7049
7063
7063
7053
7048
7029
7009
7016
7015
7032
7053
7062
7057
7053
7052
7073
7076
7082
7098
7120
7097
7092
7073
7065
7091
7103
7093
7071
7075
7074
7072
7075
7089
7092
7083
7092
7104
7100
7099
7093
7098
7127
7126
7133
7156
7170
7202
7183
7172
7150
7151
7146
7141
7116
7110
7107
7069
7098
7111
7111
7113
7142
7128
7115
7119
7129
7106
7097
7110
7096
7105
7108
7130
7127
7145
7187
7167
7142
7141
7133
7116
7124
7127
7127
7121
7147
7153
7153
7166
7166
7180
7198
7202
7176
7141
7113
7120
7116
7122
7123
7137
7165
7149
7122
7140
7144
7151
7153
7155
7170
7166
7178
7187
7207
7232
7244
7251
7260
7278
7269
7251
7255
7247
7224
7226
7231
7234
7220
7199
7192
7184
7192
7197
7189
7188
7187
7200
7178
7165
7159
7177
7199
7206
7208
7217
7224
7240
7235
7231
7230
7233
7230
7235
7219
7216
7189
7178
7185
7178
7172
7186
7190
7186
7169
7145
7106
7104
7116
7109
7098
7109
7111
7125
7151
7156
7182
7181
7182
7183
7175
7167
7174
7180
7201
7228
7238
7231
7208
7225
7239
7244
7254
7215
7217
7216
7222
7206
7200
7204
7206
7200
7206
7211
7235
7229
7237
7267
7265
7254
7264
7280
7304
7311
7305
7274
7287
7286
7291
7281
7286
7296
7288
7277
7283
7276
7277
7251
7239
7225
7204
7202
7186
7180
7207
7200
7195
7184
7202
7200
7174
7211
7201
7200
7193
7184
7219
7216
7201
7198
7184
7219
7225
7227
7247
7259
7262
7259
7252
7257
7226
7222
7202
7205
7214
7190
7202
7219
7221
7230
7196
7208
7210
7203
7188
7191
7181
7186
7196
7183
7177
7191
7186
7176
7174
7151
7148
7153
7146
7144
7154
7153
7159
7156
7148
7161
7158
7150
7164
7159
7170
7172
7187
7198
7201
7203
7198
7202
7206
7170
7128
7123
7129
7122
7104
7098
7093
7096
7102
7094
7092
7077
7062
7061
7068
7058
7063
7069
7070
7097
7104
7106
7119
7121
7118
7106
7060
7029
7019
7012
7017
7019
7017
6997
7010
6995
6980
6981
6950
6925
6903
6877
6865
6861
6864
6883
6910
6909
6908
6895
6887
6857
6852
6831
6818
6819
6788
6796
6804
6813
6819
6825
6836
6833
6839
6830
6805
6804
6771
6766
6783
6773
6779
6790
6790
6817
6844
6829
6820
6835
6831
6826
6794
6793
6784
6814
6813
6844
6849
6856
6880
6867
6852
6842
6826
6811
6834
6829
6821
6816
6805
6843
6834
6836
6807
6805
6808
6810
6810
6810
6810
6816
6842
6856
6868
6858
6860
6850
6832
6843
6833
6828
6832
6858
6858
6859
6861
6870
6859
6860
6870
6847
6858
6845
6841
6843
6846
6866
6877
6886
6886
6899
6891
6881
6866
6842
6825
6820
6830
6820
6824
6820
6821
6822
6820
6819
6820
6773
6754
6752
6736
6731
6722
6749
6760
6768
6764
6761
6774
6799
6795
6811
6814
6812
6805
6792
6791
6796
6815
6804
6791
6822
6804
6821
6814
6829
6846
6837
6808
6801
6788
6782
6770
6782
6796
6821
6823
6810
6828
6841
6810
6802
6789
6788
6778
6770
6766
6776
6789
6786
6793
6805
6773
6773
6776
6773
6772
6775
6776
6793
6803
6798
6815
6800
6785
6795
6775
6762
6772
6780
6778
6798
6797
6802
6805
6808
6798
6820
6858
6859
6863
6851
6846
6851
6840
6866
6863
6824
6787
6790
6799
6799
6779
6794
6788
6790
6793
6753
6747
6750
6736
6765
6766
6759
6747
6781
6807
6835
6837
6808
6798
6815
6799
6812
6808
6798
6797
6766
6793
6808
6797
6792
6803
6795
6775
6760
6758
6752
6767
6783
6788
6797
6786
6806
6793
6776
6812
6786
6786
6799
6815
6814
6846
6840
6851
6839
6847
6860
6858
6835
6840
6873
6863
6862
6851
6841
6844
6843
6835
6827
6830
6822
6803
6801
6816
6806
6817
6800
6815
6807
6770
6775
6770
6804
6798
6796
6800
6816
6809
6812
6792
6816
6812
6811
6816
6812
6830
6839
6858
6866
6853
6860
6866
6890
6896
6905
6912
6913
6913
6929
6927
6951
6970
6973
6944
6958
6952
6914
6893
6871
6884
6875
6847
6817
6808
6793
6791
6773
6752
6750
6724
6729
6732
6759
6748
6745
6762
6787
6830
6826
6834
6851
6884
6870
6860
6869
6887
6899
6884
6903
6879
6889
6881
6880
6884
6890
6892
6887
6854
6855
6847
6831
6849
6846
6838
6844
6840
6881
6884
6899
6906
6910
6898
6904
6906
6898
6880
6881
6877
6884
6909
6906
6888
6887
6880
6885
6839
6810
6836
6827
6828
6836
6844
6826
6834
6859
6857
6871
6869
6870
6874
6908
6916
6922
6887
6919
6946
6912
6904
6898
6930
6917
6934
6929
6933
6980
6972
6974
6961
6954
6934
6933
6942
6976
6971
6980
6979
6981
6961
6940
6942
6942
6945
6932
6902
6898
6875
6872
6875
6891
6893
6873
6892
6901
6901
6904
6911
6932
6934
6936
6936
6942
6958
6967
6956
6984
6973
6987
7000
6997
7010
7011
7007
6971
6970
6955
6939
6931
6907
6932
6936
6923
6928
6938
6933
6946
6909
6891
6898
6895
6888
6900
6928
6924
6957
6978
6988
7009
6965
6959
6952
6947
6947
6967
6975
6997
6997
6987
6983
6976
6975
6971
6978
6967
6966
6962
6965
6990
6988
6990
6986
6989
6971
6973
6980
6965
6994
6995
7000
6991
7003
7003
7007
7012
7033
7048
7043
7036
7029
7044
7051
7040
7031
7034
7067
7047
7049
7045
7038
7010
7023
7010
7008
6987
6953
6952
6962
6949
6964
6960
6970
6976
6969
6972
6972
6976
6972
6984
7019
7007
7012
7010
6988
6997
6993
6970
6998
6978
6989
7009
7006
7011
7017
7015
7012
7019
7015
7005
7002
7004
7006
7015
7045
7057
7063
7055
7053
7035
7017
7024
7026
6982
6996
6992
7004
6995
6990
6980
6967
6994
7006
6999
6992
6984
6990
6986
7002
7003
6975
6990
7009
7002
7004
6990
7000
6999
6990
7008
6974
6981
6970
6974
7015
7020
7024
7030
7026
7046
7027
7033
7035
7052
7048
7042
7066
7064
7075
7081
7075
7075
7070
7066
7060
7069
7048
7031
7015
7015
6989
6991
6972
6967
6967
6954
6981
6966
6958
6957
6964
6972
6951
6947
6955
6935
6957
6986
6987
7014
7016
7020
7027
7023
7017
7018
7007
7022
7021
7023
6992
6999
6986
6980
7007
6990
6977
6995
6993
6988
7008
7011
7001
7010
7012
7015
7013
7015
7010
7045
7056
7080
7082
7086
7102
7101
7079
7075
7068
7026
7046
7060
7047
7047
7049
7057
7060
7069
7080
7074
7052
7038
7018
7018
7025
7030
7054
7051
7071
7061
7055
7030
7035
7033
7011
7007
6991
6990
6980
7000
7002
6994
6956
6952
6944
6936
6939
6941
6930
6919
6940
6901
6902
6907
6911
6913
6879
6898
6893
6884
6907
6941
6963
6973
6941
6943
6949
6948
6960
6974
7005
7014
7030
7042
7052
7060
7043
7031
7050
7057
7072
7024
7005
7019
6996
6996
6999
7000
7008
7011
7006
6989
6948
6931
6935
6934
6945
6943
6942
6937
6965
6969
6972
6989
6981
6957
6960
6947
6948
6942
6944
6939
6920
6904
6904
6879
6867
6863
6876
6885
6893
6891
6901
6914
6937
6945
6942
6929
6934
6933
6960
7024
7056
7058
7080
7086
7066
7054
7041
7052
7059
7053
7047
7024
7003
7011
6989
6993
6993
7000
6976
6975
6973
6974
6991
7012
7017
7007
7002
6980
6984
6980
6994
7003
7000
7015
7012
7022
7014
7007
7014
7028
7038
7019
6990
6983
6998
6994
6998
6994
7006
7014
6989
6993
7005
7007
7002
7008
7001
6988
6981
6980
6981
7007
7007
7004
7011
7023
7005
6994
6998
7015
7011
6997
6997
6971
6958
6970
6987
6973
6962
6976
6980
6972
6961
6957
6969
6986
6975
6948
6969
6982
6993
6996
7014
7013
7006
6987
7030
7032
7023
7030
7021
7029
7025
7050
7049
7072
7075
7063
7058
7029
7002
7003
7016
7013
7013
6982
6984
6960
6966
6980
6980
6982
6925
6927
6923
6943
6954
6968
6992
6988
6985
6981
6983
6952
6934
6950
6970
6955
6955
6951
6961
6989
6994
6977
6934
6923
6895
6887
6895
6905
6916
6915
6934
6959
6951
6955
6953
6956
6957
6950
6947
6921
6923
6987
6985
6988
7012
7039
7030
7024
7008
7025
7024
7014
7011
7020
7018
7021
7035
7037
7064
7068
7075
7077
7089
7097
7077
7095
7099
7099
7076
7084
7087
7095
7073
7076
7071
7047
7053
7054
7078
7056
7059
7051
7045
7049
7035
7032
7062
7081
7055
7056
7050
7079
7079
7083
7095
7085
7069
7046
7049
7048
7059
7048
7055
7062
7061
7052
7052
7038
7029
7049
7036
7041
7052
7072
7070
7084
7081
7073
7083
7074
7074
7075
7074
7075
7074
7052
7087
7105
7086
7101
7105
7095
7077
7083
7094
7110
7110
7100
7098
7111
7090
7101
7106
7112
7121
7138
7127
7127
7099
7096
7100
7100
7109
7106
7094
7098
7102
7098
7097
7133
7121
7133
7137
7149
7122
7122
7123
7126
7107
7107
7106
7070
7056
7058
7056
7070
7089
7110
7097
7081
7036
7053
7054
7058
7052
7077
7087
7101
7114
7120
7143
7149
7150
7161
7153
7129
7096
7095
7095
7119
7097
7099
7111
7121
7086
7088
7082
7069
7065
7069
7063
7068
7059
7068
7069
7080
7078
7097
7110
7094
7101
7087
7082
7100
7107
7102
7118
7120
7110
7118
7103
7103
7087
7100
7095
7097
7092
7070
7099
7116
7095
7100
7082
7071
7080
7063
7047
7060
7078
7087
7065
7074
7088
7083
7079
7078
7100
7086
7067
7087
7084
7102
7101
7116
7116
7138
7140
7103
7123
7144
7107
7092
7090
7093
7077
7059
7084
7079
7091
7083
7057
7058
7047
7049
7003
6999
7014
6991
7014
7016
7008
7006
7005
7022
7036
7007
6990
6960
6984
7000
7010
7014
7017
7058
7055
7038
7042
7054
7086
7096
7120
7098
7101
7095
7079
7069
7100
7082
7082
7065
7056
7049
7052
7055
7102
7133
7100
7092
7063
7055
7097
7094
7094
7121
7159
7167
7170
7167
7180
7198
7201
7205
7198
7183
7152
7155
7136
7159
7150
7128
7129
7130
7088
7071
7079
7068
7082
7093
7051
7050
7046
7042
7035
7048
7042
7063
7043
7027
7041
7041
7051
7073
7090
7061
7068
7046
7026
7035
7053
7035
7040
7035
7016
7035
7072
7091
7098
7093
7108
7112
7126
7113
7107
7105
7111
7160
7175
7135
7161
7172
7176
7192
7175
7141
7157
7160
7151
7115
7106
7106
7114
7111
7106
7107
7068
7060
7072
7059
7048
7040
7022
7020
7015
7002
6990
7005
7033
7028
7024
7020
7016
7023
7029
7015
7024
7039
7038
7041
7029
7051
7062
7063
7060
7067
7058
7057
7068
7058
7029
7039
7019
7014
7043
7036
7044
7038
7012
7026
7011
6992
7017
7017
7022
7029
7014
7001
7010
7037
7044
7082
7113
7091
7092
7082
7087
7114
7111
7124
7148
7125
7133
7136
7121
7127
7135
7141
7151
7154
7178
7150
7152
7156
7161
7163
7166
7189
7211
7193
7192
7176
7172
7198
7205
7200
7194
7182
7173
7151
7152
7167
7175
7168
7168
7165
7141
7107
7103
7109
7119
7129
7099
7095
7098
7112
7121
7122
7104
7087
7081
7055
7056
7023
7023
7027
7027
7041
7035
7035
7026
7059
7059
7053
7027
7034
7052
7074
7090
7051
7063
7074
7103
7095
7093
7096
7092
7076
7053
7056
7035
7045
7055
7065
7054
7035
7012
7035
7068
7085
7090
7080
7084
7084
7084
7084
7109
7149
7149
7157
7130
7095
7100
7097
7075
7041
7057
7058
7049
7027
7016
7034
7042
7043
7038
7039
7024
7005
6998
7028
7056
7073
7092
7097
7141
7105
7105
7119
7169
7196
7190
7177
7181
7186
7183
7155
7179
7213
7207
7215
7178
7158
7185
7179
7176
7163
7151
7102
7099
7108
7121
7118
7127
7122
7173
7195
7162
7164
7180
7180
7182
7175
7195
7192
7207
7205
7202
7206
7206
7202
7200
7193
7208
7188
7197
7198
7196
7196
7219
7220
7244
7217
7225
7219
7197
7223
7230
7237
7235
7239
7240
7235
7265
7233
7236
7242
7229
7231
7234
7197
7171
7170
7181
7206
7175
7163
7143
7119
7117
7119
7109
7076
7089
7114
7112
7119
7112
7116
7139
7177
7180
7177
7170
7205
7211
7216
7232
7247
7243
7248
7250
7238
7215
7211
7195
7198
7194
7193
7191
7166
7133
7181
7171
7177
7185
7240
7226
7234
7211
7199
7175
7173
7179
7176
7202
7244
7246
7253
7275
7275
7261
7262
7269
7249
7228
7228
7226
7228
7230
7264
7251
7254
7261
7239
7213
7213
7175
7172
7202
7222
7210
7207
7207
7189
7193
7210
7231
7268
7269
7282
7270
7274
7283
7270
7270
7303
7316
7336
7296
7281
7264
7301
7299
7308
7280
7280
7251
7245
7227
7237
7223
7216
7225
7229
7225
7232
7219
7232
7250
7257
7239
7237
7243
7252
7284
7290
7293
7299
7304
7316
7316
7292
7280
7292
7305
7304
7293
7310
7302
7298
7293
7252
7268
7264
7299
7287
7314
7311
7323
7337
7365
7377
7370
7347
7342
7340
7335
7351
7355
7376
7397
7383
7360
7319
7334
7322
7321
7311
7328
7332
7330
7333
7336
7346
7357
7348
7346
7366
7354
7355
7363
7374
7407
7399
7402
7402
7385
7354
7334
7342
7349
7349
7346
7343
7356
7370
7350
7355
7362
7364
7352
7326
7339
7328
7319
7363
7370
7389
7403
7380
7389
7391
7392
7402
7377
7374
7376
7405
7411
7414
7417
7408
7439
7454
7430
7416
7409
7401
7417
7414
7416
7423
7390
7404
7407
7387
7367
7370
7369
7376
7373
7354
7352
7337
7332
7314
7297
7295
7290
7265
7231
7251
7245
7225
7247
7255
7242
7232
7227
7224
7222
7218
7235
7262
7249
7256
7266
7274
7299
7323
7323
7331
7346
7336
7317
7313
7324
7321
7299
7302
7305
7273
7262
7292
7294
7271
7272
7276
7261
7258
7262
7282
7300
7306
7310
7293
7307
7331
7339
7361
7368
7369
7364
7371
7403
7405
7399
7410
7393
7405
7412
7402
7411
7410
7420
7410
7415
7409
7384
7410
7409
7422
7424
7425
7414
7418
7392
7391
7375
7355
7371
7360
7374
7421
7424
7431
7437
7466
7458
7467
7486
7462
7444
7445
7440
7462
7492
7489
7468
7431
7429
7430
7390
7388
7373
7367
7358
7365
7358
7292
7309
7313
7323
7330
7349
7335
7341
7347
7345
7350
7333
7315
7314
7318
7323
7311
7319
7322
7362
7360
7356
7366
7360
7355
7365
7360
7376
7426
7427
7432
7433
7434
7439
7443
7446
7445
7455
7456
7468
7478
7439
7444
7431
7419
7422
7418
7391
7366
7356
7396
7394
7392
7388
7384
7384
7407
7405
7392
7377
7407
7419
7421
7438
7428
7429
7423
7459
7471
7443
7445
7448
7416
7426
7416
7383
7381
7391
7429
7420
7413
7450
7424
7431
7460
7464
7480
7450
7456
7455
7462
7478
7466
7466
7458
7490
7464
7430
7443
7440
7415
7434
7452
7438
7428
7403
7430
7410
7413
7402
7415
7419
7401
7429
7404
7429
7441
7433
7439
7434
7435
7440
7441
7463
7438
7440
7463
7467
7486
7486
7491
7483
7474
7485
7482
7490
7497
7511
7511
7517
7523
7523
7477
7504
7504
7489
7503
7523
7543
7551
7595
7571
7561
7566
7566
7559
7551
7551
7547
7514
7480
7558
7560
7575
7582
7575
7544
7526
7518
7514
7538
7533
7525
7505
7501
7482
7481
7479
7469
7481
7444
7442
7403
7427
7421
7421
7427
7425
7419
7407
7415
7419
7438
7455
7466
7469
7451
7470
7482
7483
7483
7522
7513
7512
7513
7525
7520
7521
7541
7518
7512
7506
7491
7465
7478
7499
7498
7501
7494
7476
7467
7468
7465
7492
7503
7513
7514
7515
7518
7523
7522
7520
7526
7517
7526
7541
7549
7557
7578
7557
7563
7593
7570
7561
7562
7540
7530
7549
7550
7520
7532
7590
7591
7583
7581
7569
7570
7570
7582
7584
7565
7567
7525
7525
7537
7531
7535
7534
7552
7556
7526
7528
7518
7497
7517
7517
7522
7536
7535
7542
7539
7562
7542
7569
7579
7573
7553
7583
7591
7586
7579
7575
7611
7596
7597
7609
7620
7586
7576
7577
7614
7625
7599
7594
7588
7606
7605
7570
7568
7573
7575
7562
7578
7576
7554
7547
7597
7599
7601
7558
7555
7589
7597
7603
7610
7638
7663
7663
7661
7680
7679
7666
7669
7689
7681
7654
7654
7656
7659
7633
7610
7600
7579
7585
7545
7545
7549
7544
7563
7561
7557
7558
7562
7559
7569
7572
7580
7588
7625
7626
7628
7620
7616
7613
7586
7570
7578
7558
7563
7542
7569
7562
7567
7568
7548
7494
7497
7509
7506
7500
7534
7534
7540
7567
7592
7590
7569
7582
7616
7589
7593
7586
7594
7611
7657
7666
7668
7675
7685
7686
7711
7724
7722
7712
7702
7713
7698
7689
7673
7659
7659
7646
7650
7649
7613
7601
7623
7624
7619
7595
7572
7561
7579
7587
7597
7581
7568
7587
7592
7585
7580
7574
7570
7597
7593
7584
7601
7609
7606
7597
7613
7603
7612
7606
7635
7646
7647
7642
7644
7652
7662
7639
7643
7639
7629
7597
7610
7610
7631
7640
7650
7651
7644
7632
7639
7645
7657
7672
7669
7650
7683
7690
7705
7701
7726
7722
7729
7728
7717
7719
7722
7740
7744
7748
7744
7735
7733
7743
7744
7739
7740
7733
7746
7743
7758
7757
7753
7734
7729
7729
7731
7730
7728
7726
7752
7755
7755
7763
7768
7761
7771
7755
7726
7704
7701
7712
7735
7721
7717
7717
7708
7701
7730
7702
7701
7717
7728
7727
7708
7717
7726
7753
7761
7789
7796
7797
7800
7785
7789
7822
7829
7804
7828
7812
7793
7790
7765
7788
7789
7787
7790
7778
7723
7702
7703
7715
7740
7737
7713
7711
7711
7703
7731
7727
7732
7763
7729
7718
7723
7723
7731
7745
7787
7788
7782
7780
7797
7805
7806
7806
7805
7822
7812
7813
7809
7827
7822
7820
7837
7810
7831
7801
7810
7830
7817
7781
7775
7775
7767
7789
7765
7783
7770
7782
7809
7817
7831
7805
7877
7875
7875
7866
7855
7898
7921
7932
7953
7967
7950
7972
7986
8002
7997
7964
7959
7965
7976
7938
7948
7949
7970
7968
7936
7939
7933
7919
7917
7923
7879
7862
7864
7867
7901
7911
7902
7902
7903
7885
7889
7876
7845
7861
7886
7891
7900
7906
7925
7967
7976
7978
7965
7978
7973
7972
7982
7978
7996
8007
8012
8036
8061
8039
8046
8059
8059
8032
8018
7995
7996
8014
7989
7986
8009
8012
8017
8018
8021
8017
8035
8000
7993
7981
7969
7970
7990
8009
8036
8035
8038
8047
8059
8052
8038
8041
8024
8004
8007
8002
7986
8007
8024
8023
8033
8037
8009
8014
8026
8029
8016
8022
8018
8045
8059
8089
8115
8129
8141
8153
8179
8187
8202
8199
8207
8243
8248
8247
8284
8312
8317
8327
8324
8329
8332
8351
8325
8339
8362
8338
8338
8354
8378
8368
8363
8373
8393
8367
8377
8395
8385
8388
8384
8384
8353
8392
8396
8393
8380
8369
8357
8346
8348
8366
8361
8347
8320
8327
8326
8348
8348
8363
8380
8403
8410
8403
8412
8428
8428
8429
8437
8438
8418
8415
8422
8456
8450
8427
8419
8417
8397
8379
8374
8360
8361
8363
8369
8388
8388
8381
8354
8387
8384
8376
8380
8357
8378
8376
8391
8386
8419
8417
8416
8410
8373
8371
8357
8356
8368
8421
8391
8404
8404
8380
8397
8385
8358
8363
8377
8349
8330
8342
8341
8369
8366
8375
8380
8367
8347
8345
8314
8312
8334
8334
8339
8366
8366
8374
8374
8396
8388
8394
8398
8397
8402
8405
8395
8391
8392
8437
8435
8434
8434
8430
8413
8398
8394
8405
8403
8410
8413
8373
8376
8376
8355
8371
8371
8375
8332
8329
8321
8325
8329
8354
8399
8394
8380
8380
8364
8382
8419
8430
8446
8463
8457
8461
8444
8464
8476
8483
8445
8463
8459
8415
8409
8399
8406
8440
8415
8421
8435
8415
8411
8414
8393
8421
8451
8452
8448
8462
8425
8417
8418
8423
8445
8453
8421
8425
8395
8339
8334
8332
8344
8353
8355
8315
8326
8347
8363
8374
8371
8339
8324
8310
8297
8301
8306
8363
8388
8390
8391
8372
8387
8367
8381
8362
8344
8345
8348
8372
8402
8415
8420
8421
8422
8379
8345
8345
8322
8325
8336
8325
8329
8344
8346
8337
8346
8341
8317
8306
8306
8302
8290
8300
8332
8332
8329
8355
8352
8341
8341
8371
8369
8387
8402
8405
8413
8421
8419
8418
8420
8412
8398
8406
8407
8422
8425
8414
8416
8422
8401
8391
8388
8370
8364
8371
8318
8325
8325
8318
8310
8308
8299
8303
8324
8317
8325
8326
8332
8342
8336
8326
8322
8328
8317
8359
8335
8328
8343
8365
8377
8353
8347
8321
8319
8303
8298
8284
8257
8256
8230
8242
8214
8226
8231
8257
8261
8248
8267
8281
8298
8301
8288
8285
8299
8306
8324
8332
8332
8359
8355
8373
8384
8376
8377
8356
8336
8326
8305
8327
8331
8335
8329
8314
8304
8255
8228
8217
8215
8219
8227
8201
8206
8200
8199
8233
8218
8228
8200
8211
8225
8226
8241
8227
8259
8271
8279
8278
8303
8297
8300
8297
8299
8330
8319
8320
8305
8296
8251
8234
8241
8236
8253
8249
8259
8265
8238
8225
8244
8241
8232
8219
8208
8207
8205
8222
8251
8278
8313
8294
8314
8323
8328
8333
8309
8333
8320
8296
8295
8330
8343
8344
8322
8318
8309
8297
8282
8260
8279
8263
8236
8225
8249
8271
8272
8287
8284
8259
8244
8240
8244
8274
8262
8239
8216
8247
8236
8241
8215
8248
8271
8244
8249
8244
8195
8202
8228
8203
8216
8184
8179
8200
8225
8262
8252
8259
8259
8291
8282
8281
8279
8256
8258
8276
8278
8258
8308
8305
8355
8362
8360
8377
8369
8345
8356
8346
8353
8363
8369
8358
8377
8383
8382
8360
8393
8378
8379
8373
8374
8398
8394
8396
8393
8355
8380
8386
8364
8332
8367
8371
8370
8425
8475
8471
8469
8480
8443
8444
8426
8412
8411
8435
8478
8493
8484
8515
8571
8556
8562
8570
8531
8526
8528
8523
8511
8549
8546
8556
8562
8547
8563
8562
8540
8553
8564
8548
8553
8558
8577
8585
8567
8561
8551
8591
8578
8589
8593
8590
8633
8595
8594
8600
8591
8571
8564
8563
8561
8573
8580
8585
8592
8614
8586
8606
8591
8578
8585
8576
8617
8618
8624
8628
8644
8648
8657
8663
8639
8652
8658
8659
8661
8661
8644
8663
8687
8693
8692
8682
8679
8658
8663
8655
8634
8637
8635
8636
8604
8606
8619
8621
8625
8647
8632
8620
8621
8612
8614
8644
8662
8670
8662
8687
8683
8666
8672
8695
8697
8692
8684
8679
8674
8694
8673
8689
8721
8733
8713
8718
8711
8726
8724
8704
8707
8728
8764
8763
8774
8771
8777
8789
8786
8812
8796
8775
8750
8768
8754
8760
8768
8787
8836
8822
8801
8777
8800
8813
8819
8822
8820
8837
8838
8846
8841
8879
8860
8897
0
0
0
0
0
0
0
0
0
0
