测量时间：20160724_17_14_48
操作人：3
插损：0dB
长度差：0m
折射率：1.45
7504
7139
7457
7296
7206
7413
7300
7459
7377
7329
7336
7350
7350
7351
7364
7368
7359
7351
7343
7327
7330
7349
7348
7348
7349
7352
7356
7342
7339
7325
0
0
0
0
0
0
0
0
0
0
7311
7317
7325
7351
7346
7343
7345
7339
7337
7314
7290
7273
7267
7280
7277
7279
7290
7293
7298
7290
7289
7290
7286
7282
7283
7301
7278
7266
7260
7280
0
0
0
0
0
0
0
0
0
0
7289
7279
7278
7297
7293
7320
7333
7332
7310
7309
7312
7286
7245
7253
7280
7278
7295
7276
7282
7284
7281
7277
7269
7270
7239
7261
7256
7278
7257
7255
0
0
0
0
0
0
0
0
0
0
7216
7189
7194
7209
7184
7177
7185
7190
7191
7182
7198
7192
7191
7208
7203
7212
7214
7210
7237
7236
7251
7255
7259
7247
7242
7235
7239
7253
7249
7238
0
0
0
0
0
0
0
0
0
0
7163
7168
7160
7151
7144
7138
7143
7148
7123
7133
7101
7092
7094
7122
7112
7115
7114
7112
7105
7111
7108
7095
7106
7104
7081
7067
7066
7079
7077
7096
0
0
0
0
0
0
0
0
0
0
7099
7095
7105
7089
7078
7075
7080
7067
7069
7086
7088
7085
7083
7080
7088
7070
7067
7067
7075
7080
7091
7086
7110
7123
7122
7108
7111
7109
7090
7078
0
0
0
0
0
0
0
0
0
0
7002
7001
6995
7004
7014
6982
6971
6990
7017
7001
7018
7041
7042
7058
7068
7072
7074
7051
7051
7051
7058
7055
7033
7044
7071
7082
7088
7086
7099
7103
0
0
0
0
0
0
0
0
0
0
7107
7135
7135
7139
7137
7152
7154
7162
7156
7188
7217
7217
7232
7205
7218
7203
7211
7216
7217
7227
7219
7214
7213
7228
7181
7171
7167
7195
7183
7178
0
0
0
0
0
0
0
0
0
0
7186
7187
7166
7194
7189
7184
7173
7169
7157
7165
7159
7154
7164
7165
7153
7154
7150
7155
7149
7144
7154
7165
7146
7148
7176
7166
7171
7195
7184
7181
0
0
0
0
0
0
0
0
0
0
7132
7153
7145
7136
7118
7120
7097
7087
7088
7070
7048
7052
7075
7113
7109
7118
7121
7142
7154
7159
7155
7166
7135
7157
7170
7182
7193
7188
7213
7215
0
0
0
0
0
0
0
0
0
0
7212
7212
7240
7231
7228
7237
7241
7237
7242
7244
7243
7232
7246
7232
7225
7206
7211
7204
7186
7192
7221
7185
7181
7182
7177
7176
7173
7167
7167
7170
0
0
0
0
0
0
0
0
0
0
7226
7241
7241
7219
7210
7214
7249
7274
7264
7259
7258
7266
7263
7246
7243
7245
7224
7226
7231
7197
7185
7188
7216
7226
7218
7189
7164
7169
7164
7160
0
0
0
0
0
0
0
0
0
0
7211
7210
7204
7219
7217
7214
7206
7210
7208
7190
7146
7142
7137
7135
7123
7115
7107
7135
7113
7108
7097
7096
7085
7088
7086
7082
7062
7052
7061
7068
0
0
0
0
0
0
0
0
0
0
7020
7008
7003
7001
6999
7010
7007
7001
7017
7011
7015
6981
6968
6971
6948
6953
6939
6935
6939
6935
6930
6911
6910
6908
6904
6900
6898
6885
6883
6904
0
0
0
0
0
0
0
0
0
0
6891
6890
6886
6876
6896
6893
6909
6907
6880
6873
6863
6860
6872
6887
6865
6862
6883
6891
6889
6874
6874
6876
6891
6876
6873
6862
6862
6890
6911
6907
0
0
0
0
0
0
0
0
0
0
6936
6926
6918
6903
6893
6898
6896
6878
6856
6865
6842
6850
6844
6840
6835
6837
6832
6801
6803
6795
6786
6788
6795
6805
6796
6792
6791
6818
6809
6808
0
0
0
0
0
0
0
0
0
0
6856
6855
6858
6857
6863
6864
6858
6852
6849
6824
6813
6810
6815
6814
6805
6814
6823
6813
6821
6820
6822
6811
6811
6777
6773
6772
6762
6747
6767
6776
0
0
0
0
0
0
0
0
0
0
6688
6688
6721
6728
6735
6713
6725
6718
6707
6692
6667
6655
6663
6654
6680
6692
6682
6678
6683
6668
6665
6655
6664
6659
6682
6688
6690
6697
6685
6727
0
0
0
0
0
0
0
0
0
0
6821
6810
6813
6810
6800
6802
6813
6827
6809
6808
6805
6797
6796
6777
6767
6764
6754
6754
6750
6748
6748
6728
6743
6748
6755
6743
6737
6734
6741
6737
0
0
0
0
0
0
0
0
0
0
6795
6802
6799
6806
6820
6838
6850
6845
6865
6841
6846
6855
6869
6884
6881
6880
6918
6923
6902
6884
6870
6876
6877
6858
6861
6856
6865
6845
6846
6817
0
0
0
0
0
0
0
0
0
0
6767
6747
6731
6733
6733
6741
6765
6766
6785
6786
6774
6773
6761
6767
6783
6776
6784
6848
6870
6875
6892
6908
6900
6901
6875
6858
6856
6844
6836
6851
0
0
0
0
0
0
0
0
0
0
6780
6771
6786
6782
6784
6782
6797
6807
6788
6778
6773
6776
6777
6805
6828
6832
6814
6796
6799
6803
6809
6778
6788
6791
6799
6808
6808
6829
6842
6843
0
0
0
0
0
0
0
0
0
0
6859
6854
6836
6831
6823
6823
6823
6806
6793
6777
6781
6791
6807
6805
6816
6816
6814
6776
6767
6742
6740
6760
6771
6745
6749
6735
6759
6790
6831
6852
0
0
0
0
0
0
0
0
0
0
6932
6927
6972
6968
6983
6967
6955
6951
6928
6932
6927
6932
6938
6933
6944
6947
6946
6970
6976
6977
6972
6952
6954
6947
6955
6960
6949
6947
6940
6965
0
0
0
0
0
0
0
0
0
0
6929
6934
6928
6939
6932
6930
6947
6950
6909
6906
6903
6904
6905
6909
6926
6933
6932
6937
6931
6946
6944
6953
6953
6954
6967
6952
6964
6999
7015
7020
0
0
0
0
0
0
0
0
0
0
6982
6968
6968
6963
6972
6961
6937
6917
6911
6899
6902
6906
6902
6893
6935
6951
6926
6912
6921
6936
6950
6953
6954
6947
6947
6964
6975
6979
7011
7008
0
0
0
0
0
0
0
0
0
0
7010
6993
6989
6993
7009
7026
7013
6972
6974
6966
6962
6965
6937
6934
6930
6920
6911
6901
6897
6901
6913
6915
6926
6910
6891
6908
6928
6926
6936
6918
0
0
0
0
0
0
0
0
0
0
6909
6899
6883
6878
6870
6888
6897
6919
6925
6919
6944
6963
6950
6948
6953
6956
6966
6967
6956
6935
6936
6958
6971
6969
6962
6964
6950
6949
6955
6960
0
0
0
0
0
0
0
0
0
0
6939
6930
6934
6924
6917
6926
6927
6934
6919
6912
6918
6953
6951
6942
6947
6962
6962
6957
6974
6981
6981
6988
6990
6990
6984
6993
6987
6993
7000
7003
0
0
0
0
0
0
0
0
0
0
6998
7001
7002
7010
7010
7011
7007
7007
7008
7014
7004
6987
6982
7002
7000
6998
7010
7014
7008
6996
6996
7004
6995
6981
6975
6974
6976
6967
6965
6947
0
0
0
0
0
0
0
0
0
0
6911
6914
6926
6932
6945
6938
6944
6953
6972
6995
6995
7001
6970
6950
6979
6988
6963
6961
6960
6942
6938
6933
6936
6926
6925
6913
6906
6884
6880
6880
0
0
0
0
0
0
0
0
0
0
6936
6939
6943
6950
6960
6959
6988
6989
6987
6986
7010
7012
7004
7020
7025
7038
7036
7035
7030
7043
7020
7005
7004
6997
6992
6985
6980
6992
7001
6990
0
0
0
0
0
0
0
0
0
0
6993
6986
6998
7012
7019
7023
7010
6985
6961
6951
6925
6918
6906
6907
6895
6917
6938
6917
6901
6878
6889
6881
6871
6840
6818
6819
6809
6847
6848
6856
0
0
0
0
0
0
0
0
0
0
6923
6922
6945
6948
6939
6962
6954
6958
6972
6955
6961
6934
6913
6916
6923
6935
6931
6921
6915
6928
6945
6947
6957
6976
6980
6956
6961
6963
6959
6955
0
0
0
0
0
0
0
0
0
0
6987
7000
7001
7001
7029
7024
7021
7026
7042
7037
7032
7038
7032
7043
7050
7048
7050
7049
7068
7072
7063
7056
7050
7047
7061
7068
7052
7036
7041
7040
0
0
0
0
0
0
0
0
0
0
6996
7005
7006
7015
7010
7006
7003
7004
7020
7025
7009
7018
7016
7003
7028
7032
7035
7037
7051
7071
7070
7063
7057
7057
7077
7101
7096
7078
7091
7095
0
0
0
0
0
0
0
0
0
0
7033
7011
7006
7017
7003
7000
7003
6988
6981
6989
6986
6996
6998
6990
6982
6950
6944
6928
6941
6957
6969
6975
6964
6937
6963
6964
6961
6970
6958
6964
0
0
0
0
0
0
0
0
0
0
6955
6930
6944
6923
6919
6940
6914
6915
6922
6941
6953
6953
6961
6958
6975
6967
6988
6968
6968
6966
7003
7002
7001
7002
6965
6996
6997
6988
6965
6938
0
0
0
0
0
0
0
0
0
0
7000
7003
7007
7026
7000
7008
7007
7025
7036
7042
7049
7038
7031
7033
7034
7008
6996
6995
6993
6995
7015
7015
7026
7032
7024
7039
7049
7037
7030
7048
0
0
0
0
0
0
0
0
0
0
7030
7018
7072
7074
7036
7032
7031
7033
7033
7035
7044
7050
7066
7071
7076
7073
7066
7047
7038
7040
7053
7047
7047
7068
7088
7091
7089
7081
7089
7080
0
0
0
0
0
0
0
0
0
0
7058
7061
7079
7056
7059
7038
7032
7027
7036
7046
7068
7057
7084
7134
7122
7125
7106
7119
7113
7116
7117
7103
7096
7090
7114
7109
7080
7071
7078
7052
0
0
0
0
0
0
0
0
0
0
7070
7090
7095
7092
7094
7113
7132
7114
7124
7120
7146
7149
7119
7127
7168
7173
7168
7150
7127
7117
7087
7076
7082
7076
7089
7058
7058
7057
7054
7007
0
0
0
0
0
0
0
0
0
0
7010
7011
7023
7019
7035
7032
7004
7009
7037
7035
7059
7040
7063
7060
7061
7069
7063
7067
7072
7081
7077
7072
7065
7066
7068
7081
7053
7055
7057
7056
0
0
0
0
0
0
0
0
0
0
7011
7041
7039
7035
7044
7068
7049
7046
7059
7090
7090
7082
7092
7092
7098
7093
7107
7119
7119
7107
7088
7057
7044
7051
7054
7063
7076
7066
7034
7051
0
0
0
0
0
0
0
0
0
0
7077
7120
7108
7086
7067
7053
7056
7053
7014
7030
7035
7011
6999
7006
7023
7021
7023
7033
7035
7055
7033
7011
7005
7010
7007
6986
6989
6992
6991
7005
0
0
0
0
0
0
0
0
0
0
7064
7095
7071
7061
7075
7073
7103
7092
7095
7093
7061
7041
7021
7025
7016
7017
7015
7020
6995
6992
6990
7027
7019
7054
7056
7049
7051
7033
7035
7062
0
0
0
0
0
0
0
0
0
0
7077
7080
7060
7071
7066
7079
7076
7076
7062
7042
7044
7031
7035
7015
7012
6998
6983
6989
6984
6987
7026
7013
6983
6976
6969
6974
6942
6940
6939
6934
0
0
0
0
0
0
0
0
0
0
7006
7030
7040
7019
7015
7047
7061
7053
7053
7053
7087
7082
7083
7075
7087
7086
7085
7073
7069
7056
7048
7053
7049
7061
7061
7055
7043
7043
7049
7024
0
0
0
0
0
0
0
0
0
0
7061
7075
7061
7042
7038
7028
7024
7021
7016
7009
6999
6980
6970
6965
6955
6968
6966
6969
6965
6965
6971
6953
6967
6964
6992
7000
7012
7017
7013
6999
0
0
0
0
0
0
0
0
0
0
7070
7086
7086
7086
7082
7073
7096
7097
7113
7108
7129
7123
7136
7117
7114
7114
7128
7116
7110
7139
7115
7126
7128
7121
7128
7112
7090
7093
7070
7048
0
0
0
0
0
0
0
0
0
0
7027
7014
7034
7020
7007
7038
6998
7005
7020
7029
7017
6987
7012
6975
7000
7007
6988
7017
7015
7044
7050
7055
7057
7073
7070
7106
7108
7098
7114
7115
0
0
0
0
0
0
0
0
0
0
7153
7164
7144
7136
7143
7142
7154
7156
7160
7150
7124
7113
7118
7157
7177
7195
7188
7136
7120
7110
7099
7094
7098
7109
7120
7124
7107
7099
7122
7130
0
0
0
0
0
0
0
0
0
0
7155
7182
7173
7170
7159
7160
7164
7127
7092
7079
7087
7070
7040
7016
7045
7050
7057
7075
7054
7070
7049
7034
7026
7017
6991
6993
7015
7040
7055
7030
0
0
0
0
0
0
0
0
0
0
7080
7060
7069
7087
7091
7093
7107
7114
7120
7122
7113
7103
7110
7089
7058
7082
7084
7109
7098
7089
7111
7114
7122
7118
7125
7115
7083
7069
7067
7066
0
0
0
0
0
0
0
0
0
0
7137
7151
7142
7138
7137
7157
7182
7176
7172
7148
7151
7148
7123
7106
7105
7104
7101
7090
7092
7094
7093
7114
7114
7111
7107
7108
7122
7098
7102
7096
0
0
0
0
0
0
0
0
0
0
7136
7147
7155
7158
7160
7151
7179
7185
7192
7157
7186
7181
7189
7185
7150
7145
7143
7163
7193
7200
7165
7157
7167
7169
7157
7185
7184
7172
7185
7180
0
0
0
0
0
0
0
0
0
0
7219
7223
7210
7250
7245
7242
7210
7232
7226
7223
7213
7204
7210
7226
7200
7169
7181
7170
7170
7174
7173
7202
7173
7155
7154
7191
7182
7193
7209
7241
0
0
0
0
0
0
0
0
0
0
7186
7196
7172
7208
7206
7209
7205
7202
7199
7194
7208
7201
7217
7218
7234
7230
7205
7212
7231
7212
7213
7209
7180
7185
7189
7210
7197
7222
7227
7241
0
0
0
0
0
0
0
0
0
0
7272
7285
7325
7333
7319
7329
7308
7322
7322
7373
7375
7359
7347
7362
7367
7369
7377
7347
7344
7353
7318
7280
7276
7291
7291
7311
7313
7330
7317
7323
0
0
0
0
0
0
0
0
0
0
7311
7342
7329
7306
7289
7253
7265
7253
7251
7267
7289
7297
7317
7302
7299
7289
7330
7313
7317
7318
7281
7289
7307
7306
7333
7303
7306
7312
7353
7349
0
0
0
0
0
0
0
0
0
0
7336
7337
7341
7331
7340
7338
7315
7285
7282
7306
7307
7290
7293
7306
7314
7372
7380
7371
7360
7339
7336
7343
7338
7331
7339
7350
7363
7365
7374
7380
0
0
0
0
0
0
0
0
0
0
7443
7455
7457
7458
7452
7446
7445
7401
7404
7381
7340
7375
7375
7373
7368
7380
7352
7362
7385
7352
7373
7369
7355
7381
7365
7365
7413
7409
7429
7434
0
0
0
0
0
0
0
0
0
0
7355
7374
7367
7404
7408
7379
7366
7350
7352
7348
7351
7386
7383
7384
7421
7421
7416
7416
7421
7464
7450
7441
7427
7431
7449
7431
7443
7437
7439
7438
0
0
0
0
0
0
0
0
0
0
7441
7417
7408
7416
7463
7468
7469
7450
7429
7431
7433
7428
7386
7392
7398
7403
7383
7384
7399
7395
7401
7389
7394
7370
7347
7355
7397
7415
7425
7443
0
0
0
0
0
0
0
0
0
0
7395
7390
7395
7397
7397
7379
7393
7377
7380
7381
7388
7400
7406
7410
7415
7415
7370
7365
7405
7407
7400
7424
7396
7386
7392
7376
7389
7371
7376
7372
0
0
0
0
0
0
0
0
0
0
7374
7426
7429
7420
7409
7410
7435
7439
7416
7458
7457
7459
7447
7454
7453
7490
7497
7501
7497
7498
7486
7473
7478
7497
7498
7477
7486
7517
7498
7504
0
0
0
0
0
0
0
0
0
0
7453
7426
7426
7425
7435
7402
7398
7414
7417
7443
7461
7463
7456
7443
7451
7449
7477
7468
7473
7469
7485
7485
7485
7491
7523
7523
7514
7521
7526
7540
0
0
0
0
0
0
0
0
0
0
7514
7513
7482
7465
7466
7461
7460
7457
7449
7443
7483
7466
7472
7473
7489
7473
7474
7476
7501
7504
7513
7531
7542
7532
7534
7546
7541
7539
7556
7534
0
0
0
0
0
0
0
0
0
0
7578
7600
7610
7606
7590
7617
7620
7617
7625
7635
7637
7651
7646
7654
7663
7658
7649
7615
7610
7675
7653
7664
7680
7701
7673
7655
7649
7641
7606
7576
0
0
0
0
0
0
0
0
0
0
7554
7550
7532
7538
7567
7564
7572
7589
7602
7587
7564
7553
7565
7559
7552
7562
7542
7562
7577
7592
7591
7562
7580
7566
7567
7571
7541
7530
7537
7569
0
0
0
0
0
0
0
0
0
0
7583
7570
7601
7609
7608
7583
7614
7591
7591
7572
7598
7575
7542
7542
7538
7519
7541
7544
7567
7545
7545
7515
7509
7512
7558
7528
7539
7554
7557
7585
0
0
0
0
0
0
0
0
0
0
7640
7618
7624
7624
7648
7647
7631
7634
7588
7565
7571
7588
7583
7565
7562
7576
7569
7604
7619
7604
7622
7611
7585
7576
7604
7601
7602
7635
7607
7610
0
0
0
0
0
0
0
0
0
0
7519
7542
7538
7544
7543
7551
7539
7573
7541
7517
7527
7535
7529
7551
7574
7576
7576
7568
7577
7584
7603
7643
7624
7611
7604
7594
7587
7631
7649
7620
0
0
0
0
0
0
0
0
0
0
7631
7639
7674
7673
7682
7686
7662
7674
7705
7684
7707
7716
7721
7727
7720
7720
7708
7720
7710
7707
7709
7718
7717
7726
7744
7759
7753
7729
7733
7689
0
0
0
0
0
0
0
0
0
0
7673
7675
7659
7644
7635
7636
7654
7672
7690
7688
7677
7707
7691
7680
7728
7724
7734
7735
7746
7748
7750
7756
7752
7772
7777
7757
7758
7762
7762
7779
0
0
0
0
0
0
0
0
0
0
7704
7710
7703
7694
7751
7752
7757
7760
7750
7775
7764
7758
7738
7740
7756
7745
7741
7739
7765
7791
7768
7765
7774
7749
7725
7726
7733
7729
7728
7730
0
0
0
0
0
0
0
0
0
0
7776
7778
7776
7800
7797
7799
7810
7809
7811
7828
7821
7826
7828
7815
7820
7808
7848
7851
7856
7873
7877
7848
7848
7860
7850
7847
7856
7827
7796
7808
0
0
0
0
0
0
0
0
0
0
7841
7847
7847
7863
7866
7857
7904
7910
7915
7922
7896
7901
7903
7898
7888
7882
7873
7873
7848
7851
7861
7855
7850
7856
7874
7866
7913
7913
7893
7910
0
0
0
0
0
0
0
0
0
0
7915
7916
7926
7932
7937
7918
7918
7901
7901
7915
7926
7925
7945
7949
7974
8003
8004
8014
8012
8013
8019
8009
7999
7990
7997
7989
8025
8027
8023
8008
0
0
0
0
0
0
0
0
0
0
7970
7988
7998
8003
8002
8027
8032
8005
8044
8052
8054
8099
8089
8116
8123
8177
8187
8206
8183
8195
8191
8209
8194
8231
8223
8209
8228
8213
8201
8187
0
0
0
0
0
0
0
0
0
0
8219
8230
8220
8214
8220
8239
8251
8277
8307
8294
8310
8299
8284
8295
8322
8320
8302
8281
8293
8313
8324
8327
8321
8338
8344
8348
8315
8333
8337
8299
0
0
0
0
0
0
0
0
0
0
8350
8349
8358
8355
8327
8334
8316
8319
8359
8380
8384
8364
8362
8357
8339
8344
8356
8354
8340
8370
8356
8383
8396
8415
8438
8390
8399
8396
8381
8354
0
0
0
0
0
0
0
0
0
0
8349
8355
8357
8341
8402
8400
8411
8412
8448
8466
8467
8469
8424
8427
8429
8429
8456
8423
8421
8435
8412
8407
8411
8404
8374
8355
8364
8358
8357
8362
0
0
0
0
0
0
0
0
0
0
8337
8342
8335
8358
8359
8346
8350
8333
8326
8337
8339
8367
8374
8400
8402
8402
8404
8419
8427
8426
8416
8400
8378
8371
8370
8358
8387
8388
8390
8384
0
0
0
0
0
0
0
0
0
0
8348
8369
8348
8342
8350
8325
8323
8325
8319
8312
8309
8318
8308
8306
8304
8327
8351
8315
8310
8325
8310
8331
8340
8307
8328
8334
8323
8308
8303
8312
0
0
0
0
0
0
0
0
0
0
8343
8344
8357
8344
8344
8355
8373
8361
8351
8351
8354
8337
8340
8324
8323
8311
8332
8333
8328
8299
8305
8323
8320
8320
8295
8291
8305
8300
8310
8311
0
0
0
0
0
0
0
0
0
0
8195
8209
8225
8240
8240
8217
8223
8211
8234
8237
8229
8231
8247
8270
8347
8346
8383
8401
8390
8350
8343
8322
8313
8314
8354
8318
8316
8290
8286
8298
0
0
0
0
0
0
0
0
0
0
8265
8273
8273
8247
8281
8315
8319
8317
8301
8300
8297
8267
8258
8254
8289
8309
8313
8298
8296
8294
8291
8276
8277
8275
8243
8221
8219
8218
8220
8221
0
0
0
0
0
0
0
0
0
0
8188
8180
8166
8162
8194
8183
8186
8186
8165
8179
8188
8184
8212
8213
8205
8200
8218
8208
8207
8211
8214
8218
8219
8223
8245
8235
8235
8249
8219
8220
0
0
0
0
0
0
0
0
0
0
8260
8244
8241
8233
8241
8235
8247
8256
8270
8284
8296
8291
8295
8280
8296
8297
8288
8293
8277
8275
8299
8269
8279
8281
8286
8276
8276
8273
8257
8229
0
0
0
0
0
0
0
0
0
0
8258
8259
8258
8261
8275
8275
8264
8299
8312
8310
8314
8340
8379
8386
8374
8366
8367
8379
8404
8393
8389
8365
8345
8337
8336
8349
8339
8341
8345
8338
0
0
0
0
0
0
0
0
0
0
8310
8343
8330
8335
8330
8318
8320
8293
8290
8288
8291
8294
8341
8363
8361
8360
8349
8336
8345
8358
8389
8410
8399
8412
8416
8421
8440
8412
8403
8396
0
0
0
0
0
0
0
0
0
0
8393
8422
8411
8404
8407
8413
8449
8462
8468
8493
8484
8470
8478
8483
8485
8494
8454
8412
8411
8394
8347
8350
8354
8367
8370
8372
8374
8387
8383
8361
0
0
0
0
0
0
0
0
0
0
8546
8555
8570
8585
8582
8584
8578
8568
8590
8596
8597
8589
8586
8560
8564
8577
8579
8575
8590
8582
8582
8562
8568
8574
8578
8582
8560
8548
8557
8563
0
0
0
0
0
0
0
0
0
0
8553
8546
8567
8552
8552
8579
8578
8577
8582
8586
8580
8575
8578
8558
8580
8567
8572
8604
8619
8620
8637
8635
8655
8659
8665
8682
8659
8661
8681
8684
0
0
0
0
0
0
0
0
0
0
8677
8651
8659
8658
8649
8685
8701
8704
8687
8703
8706
8696
8697
8677
8677
8699
8668
8654
8658
8694
8731
8729
8732
8735
8757
8735
8736
8759
8756
8755
0
0
0
0
0
0
0
0
0
0
8778
8788
8824
8812
8820
8801
8793
8815
8823
8828
8838
8841
8848
8831
8829
8826
8823
8823
8839
8841
8806
8790
8798
8807
8837
8852
8826
8825
8795
8803
0
0
0
0
0
0
0
0
0
0
8926
8903
8900
8892
8877
8874
8872
8890
8881
8877
8858
8859
8845
8847
8850
8830
8820
8821
8795
8800
8800
8810
8817
8831
8842
8842
8855
8856
8841
8883
0
0
0
0
0
0
0
0
0
0
8832
8838
8837
8811
8804
8805
8802
8805
8778
8774
8775
8734
8718
8717
8700
8691
8706
8719
8709
8732
8719
8700
8733
8735
8728
8738
8748
8764
8767
8746
0
0
0
0
0
0
0
0
0
0
8798
8790
8808
8813
8804
8787
8778
8768
8787
8777
8775
8773
8751
8765
8775
8772
8759
8769
8771
8764
8785
8767
8759
8749
8747
8747
8753
8741
8727
8723
0
0
0
0
0
0
0
0
0
0
