测量时间：20160724_17_21_29
操作人：3
插损：0dB
长度差：0m
折射率：1.45
6907
7453
7237
7502
7533
7168
7334
7258
7316
7309
7335
7315
7321
7311
7308
7324
7302
7291
7292
7292
7307
7303
7300
7279
7279
7301
7285
7307
7307
7315
0
0
0
0
0
0
0
0
0
0
7340
7342
7347
7349
7360
7404
7389
7399
7393
7391
7408
7372
7373
7368
7346
7377
7371
7375
7374
7359
7379
7368
7367
7356
7317
7327
7312
7313
7316
7315
0
0
0
0
0
0
0
0
0
0
7363
7377
7382
7411
7407
7391
7376
7353
7357
7347
7375
7373
7331
7316
7317
7321
7311
7302
7286
7289
7269
7249
7236
7224
7240
7239
7253
7233
7236
7219
0
0
0
0
0
0
0
0
0
0
7170
7141
7144
7150
7160
7155
7143
7126
7136
7139
7156
7174
7183
7166
7165
7171
7175
7194
7186
7186
7218
7214
7208
7193
7166
7184
7198
7186
7175
7154
0
0
0
0
0
0
0
0
0
0
7099
7088
7086
7098
7091
7090
7092
7099
7102
7111
7101
7107
7114
7132
7131
7111
7100
7094
7093
7064
7072
7072
7083
7088
7086
7077
7064
7076
7085
7083
0
0
0
0
0
0
0
0
0
0
7066
7063
7054
7053
7059
7037
7032
7016
7032
7022
7050
7027
7046
7038
7051
7054
7053
7045
7044
7056
7055
7025
7025
7013
7034
7041
7051
7048
7058
7051
0
0
0
0
0
0
0
0
0
0
7069
7066
7059
7060
7057
7045
7027
7027
7036
7034
7035
7035
7044
7036
7019
7025
7038
7032
7034
7036
7039
7067
7079
7083
7088
7099
7094
7090
7085
7074
0
0
0
0
0
0
0
0
0
0
7073
7082
7095
7097
7077
7078
7084
7096
7096
7089
7095
7104
7128
7119
7133
7143
7152
7176
7189
7199
7190
7195
7210
7233
7237
7234
7239
7265
7278
7270
0
0
0
0
0
0
0
0
0
0
7217
7185
7172
7167
7165
7162
7149
7138
7135
7152
7148
7120
7095
7097
7101
7117
7116
7111
7111
7097
7116
7107
7113
7111
7112
7117
7128
7113
7101
7103
0
0
0
0
0
0
0
0
0
0
7180
7144
7155
7151
7164
7158
7156
7160
7157
7153
7142
7135
7144
7136
7138
7131
7110
7102
7091
7120
7147
7143
7150
7146
7150
7173
7174
7182
7184
7190
0
0
0
0
0
0
0
0
0
0
7210
7186
7175
7173
7168
7159
7154
7139
7143
7145
7140
7168
7162
7152
7139
7163
7133
7137
7143
7140
7173
7179
7188
7191
7177
7180
7199
7208
7211
7190
0
0
0
0
0
0
0
0
0
0
7221
7222
7224
7235
7249
7244
7233
7234
7246
7217
7216
7209
7219
7208
7216
7220
7205
7196
7201
7164
7158
7139
7160
7142
7147
7150
7158
7173
7198
7190
0
0
0
0
0
0
0
0
0
0
7207
7195
7197
7190
7183
7185
7187
7180
7181
7177
7176
7201
7194
7191
7188
7193
7201
7208
7192
7188
7194
7181
7174
7177
7157
7167
7165
7165
7182
7164
0
0
0
0
0
0
0
0
0
0
7095
7093
7077
7065
7035
7017
7004
6961
6934
6924
6940
6947
6935
6933
6921
6919
6953
6948
6944
6948
6953
6963
6975
6991
7001
7007
7017
7035
7020
6999
0
0
0
0
0
0
0
0
0
0
6870
6861
6843
6815
6804
6803
6798
6801
6795
6779
6778
6784
6814
6828
6832
6833
6827
6835
6836
6804
6804
6785
6816
6814
6814
6819
6830
6842
6854
6846
0
0
0
0
0
0
0
0
0
0
6877
6869
6880
6875
6873
6867
6860
6862
6862
6841
6839
6829
6824
6820
6821
6824
6825
6817
6822
6828
6822
6810
6820
6809
6800
6809
6805
6809
6814
6806
0
0
0
0
0
0
0
0
0
0
6786
6759
6774
6772
6761
6764
6764
6769
6758
6759
6757
6749
6771
6759
6765
6768
6778
6771
6758
6759
6777
6764
6764
6750
6744
6747
6736
6743
6732
6713
0
0
0
0
0
0
0
0
0
0
6701
6677
6702
6704
6696
6702
6702
6724
6743
6736
6735
6722
6726
6745
6757
6751
6757
6785
6790
6800
6823
6810
6833
6831
6826
6836
6832
6833
6842
6850
0
0
0
0
0
0
0
0
0
0
6775
6746
6765
6768
6759
6739
6710
6697
6685
6693
6702
6694
6714
6719
6725
6734
6747
6748
6755
6768
6776
6751
6747
6739
6730
6770
6792
6800
6783
6764
0
0
0
0
0
0
0
0
0
0
6750
6729
6739
6748
6736
6736
6712
6722
6747
6757
6785
6771
6763
6745
6760
6759
6755
6748
6749
6747
6784
6793
6802
6798
6787
6810
6813
6828
6821
6800
0
0
0
0
0
0
0
0
0
0
6786
6787
6799
6806
6811
6783
6768
6762
6771
6768
6774
6770
6778
6777
6780
6793
6791
6788
6802
6789
6787
6777
6781
6778
6787
6780
6799
6799
6783
6774
0
0
0
0
0
0
0
0
0
0
6781
6782
6775
6785
6784
6773
6763
6797
6807
6790
6790
6795
6798
6775
6777
6779
6784
6800
6776
6785
6781
6771
6796
6799
6811
6828
6821
6810
6839
6841
0
0
0
0
0
0
0
0
0
0
6911
6893
6920
6913
6893
6887
6897
6914
6922
6915
6902
6902
6902
6892
6872
6893
6898
6897
6877
6883
6883
6840
6823
6838
6844
6836
6800
6787
6796
6783
0
0
0
0
0
0
0
0
0
0
6807
6824
6837
6854
6857
6878
6883
6897
6906
6931
6927
6916
6915
6926
6914
6921
6921
6904
6937
6942
6946
6949
6920
6931
6927
6915
6919
6924
6918
6922
0
0
0
0
0
0
0
0
0
0
6927
6917
6904
6882
6914
6906
6911
6912
6914
6942
6944
6949
6946
6932
6942
6940
6927
6919
6901
6898
6902
6921
6942
6929
6917
6893
6896
6896
6901
6893
0
0
0
0
0
0
0
0
0
0
6969
6976
6982
6991
7020
6987
6984
6975
6981
6983
6966
6971
6962
6975
6994
6967
6968
6967
6964
6964
6965
6969
6971
6963
6995
7000
6992
6985
6975
6977
0
0
0
0
0
0
0
0
0
0
6918
6910
6914
6915
6917
6920
6932
6943
6950
6960
6967
6963
6957
6920
6949
6942
6943
6934
6935
6939
6944
6938
6933
6935
6930
6918
6922
6916
6917
6912
0
0
0
0
0
0
0
0
0
0
6992
6994
6991
6976
6973
6968
6968
6964
6977
6989
6981
6970
6968
6947
6948
6938
6944
6960
6967
6966
6956
6947
6989
7004
7006
7009
7007
7003
6968
6954
0
0
0
0
0
0
0
0
0
0
6998
6983
6973
6967
6962
6968
6949
6976
6998
6996
6999
6991
6995
6985
6987
6984
6973
6977
6964
6971
6990
6996
7009
7013
7029
7048
7022
7007
7005
7006
0
0
0
0
0
0
0
0
0
0
6991
6983
6986
6967
6957
6996
7000
6995
6991
6978
6968
6975
6983
6971
6977
7011
7000
6980
6996
6978
6955
6953
6936
6944
6926
6925
6935
6945
6954
6962
0
0
0
0
0
0
0
0
0
0
6977
6988
6984
7001
7006
6998
6987
6966
6971
6977
6978
7006
7014
7006
6997
6977
6963
6956
6949
6954
6945
6951
6946
6953
6957
6954
6966
6933
6938
6936
0
0
0
0
0
0
0
0
0
0
6994
6988
6957
6947
6951
6962
6984
6989
7004
7005
7001
6993
6970
6977
6984
6984
6997
6995
6986
6983
6978
6998
7014
7007
7000
7012
7011
6989
6965
6957
0
0
0
0
0
0
0
0
0
0
6956
6947
6961
6957
6948
6912
6926
6946
6958
6971
6960
6949
6948
6943
6937
6942
6975
6990
6987
6980
6991
6986
6981
6955
6979
6971
6972
6972
6946
6956
0
0
0
0
0
0
0
0
0
0
6866
6853
6894
6907
6915
6911
6918
6939
6956
6961
6949
6952
6976
6969
6980
6978
6981
6998
7019
7024
7043
7034
7041
7035
7033
7026
7013
7000
6994
6971
0
0
0
0
0
0
0
0
0
0
6973
6972
6979
6986
6975
7023
7025
7033
7051
7062
7046
7035
7042
7035
7031
7038
7033
7031
7025
7025
7019
7018
7012
7024
6971
6983
6979
6982
6988
7001
0
0
0
0
0
0
0
0
0
0
6995
7007
7015
7036
7013
7014
7019
7004
6995
6983
6987
6979
6989
7014
7019
7029
7057
7058
7043
7023
6996
6984
6977
6994
6978
6971
6980
6994
7001
6974
0
0
0
0
0
0
0
0
0
0
6979
6980
6975
6990
6989
7019
6979
6986
7001
7022
7003
6984
6981
6952
6970
6947
6967
6970
6970
6968
6982
6946
6939
6953
6929
6982
6966
6982
6968
6980
0
0
0
0
0
0
0
0
0
0
7030
7013
7018
7011
6980
6966
6954
6957
6946
6938
6931
6932
6951
6946
6934
6939
6958
6963
6946
6929
6953
6941
6946
6927
6933
6930
6947
6969
6978
6981
0
0
0
0
0
0
0
0
0
0
6955
6934
6951
6968
6967
6933
6926
6914
6925
6949
6959
6970
6963
6970
6977
6986
6978
6987
6988
7003
7009
7021
7017
7020
7046
7072
7074
7053
7054
7053
0
0
0
0
0
0
0
0
0
0
7050
7063
7065
7064
7047
7052
7066
7073
7074
7101
7081
7058
7063
7065
7071
7088
7096
7082
7084
7089
7078
7092
7092
7090
7094
7089
7079
7075
7063
7073
0
0
0
0
0
0
0
0
0
0
7066
7065
7060
7044
7059
7061
7065
7064
7065
7044
7047
7061
7094
7104
7084
7108
7088
7087
7101
7078
7074
7074
7064
7060
7060
7054
7049
7044
7042
7029
0
0
0
0
0
0
0
0
0
0
7055
7081
7077
7056
7055
7055
7041
7053
7065
7028
7007
7003
6999
7023
7008
6983
6969
6967
6999
6974
6981
7004
7025
7031
7028
7051
7042
7048
7074
7089
0
0
0
0
0
0
0
0
0
0
7116
7130
7150
7162
7148
7184
7168
7189
7195
7206
7195
7187
7162
7173
7163
7135
7139
7155
7142
7137
7120
7111
7106
7111
7058
7074
7058
7025
7029
7029
0
0
0
0
0
0
0
0
0
0
7062
7037
7047
7076
7069
7044
7079
7063
7061
7072
7065
7060
7057
7062
7089
7097
7093
7083
7071
7070
7091
7077
7074
7074
7101
7093
7090
7087
7087
7100
0
0
0
0
0
0
0
0
0
0
7066
7058
7063
7070
7084
7088
7089
7077
7073
7081
7069
7075
7075
7075
7085
7085
7067
7076
7092
7113
7109
7108
7097
7086
7087
7093
7091
7057
7047
7044
0
0
0
0
0
0
0
0
0
0
7000
6996
6998
6997
6993
7020
7050
7048
7038
7041
7032
7020
7053
7074
7083
7062
7061
7092
7088
7092
7107
7106
7105
7118
7098
7099
7090
7096
7094
7100
0
0
0
0
0
0
0
0
0
0
7072
7071
7057
7056
7049
7061
7057
7057
7052
7068
7068
7044
7035
7036
7036
7013
7009
7004
7003
7001
7023
7026
6999
7001
6999
7006
7042
7013
6984
6994
0
0
0
0
0
0
0
0
0
0
7011
7037
7043
7043
7032
6984
7008
7016
6997
7001
6993
6993
6979
6957
6954
6954
6942
6939
6966
7004
7001
6988
7012
7020
7029
7030
7032
7037
7009
7016
0
0
0
0
0
0
0
0
0
0
7040
7022
7030
7030
7041
7004
7006
7030
7020
7036
7040
7012
7021
7028
7030
7043
7046
7052
7051
7068
7067
7063
7066
7049
7084
7079
7077
7074
7060
7074
0
0
0
0
0
0
0
0
0
0
7116
7128
7149
7138
7117
7108
7115
7124
7102
7084
7067
7034
7031
7057
7036
7034
7053
7034
7015
7019
7003
6989
6987
7002
7009
7022
7013
7024
7020
7029
0
0
0
0
0
0
0
0
0
0
7016
7025
7057
7061
7050
7082
7079
7088
7091
7109
7108
7092
7103
7097
7094
7119
7149
7149
7143
7165
7164
7155
7138
7145
7115
7127
7118
7118
7116
7090
0
0
0
0
0
0
0
0
0
0
7086
7082
7086
7090
7078
7097
7096
7093
7133
7103
7097
7102
7080
7115
7112
7126
7127
7129
7101
7076
7101
7088
7090
7099
7083
7090
7099
7110
7131
7138
0
0
0
0
0
0
0
0
0
0
7198
7192
7182
7187
7145
7146
7126
7123
7125
7128
7132
7114
7099
7102
7109
7098
7107
7114
7123
7110
7110
7114
7124
7135
7126
7112
7142
7140
7126
7122
0
0
0
0
0
0
0
0
0
0
7145
7137
7155
7158
7182
7155
7125
7125
7129
7099
7085
7099
7109
7117
7117
7125
7132
7110
7127
7117
7120
7130
7129
7122
7125
7134
7136
7149
7154
7175
0
0
0
0
0
0
0
0
0
0
7098
7100
7090
7095
7119
7117
7097
7086
7088
7087
7091
7108
7101
7077
7120
7132
7151
7165
7180
7203
7195
7188
7181
7177
7170
7192
7200
7195
7199
7187
0
0
0
0
0
0
0
0
0
0
7210
7212
7191
7197
7187
7196
7198
7195
7203
7201
7193
7245
7249
7232
7262
7227
7220
7229
7219
7221
7212
7242
7246
7249
7242
7232
7240
7232
7241
7233
0
0
0
0
0
0
0
0
0
0
7233
7234
7232
7245
7253
7238
7242
7246
7266
7263
7248
7236
7218
7243
7232
7234
7240
7223
7225
7228
7242
7248
7257
7262
7261
7259
7249
7235
7233
7229
0
0
0
0
0
0
0
0
0
0
7205
7188
7163
7178
7176
7174
7182
7171
7142
7149
7152
7141
7153
7160
7192
7181
7190
7189
7174
7186
7183
7220
7214
7230
7219
7218
7221
7255
7253
7246
0
0
0
0
0
0
0
0
0
0
7247
7251
7224
7239
7246
7279
7274
7284
7288
7271
7272
7244
7236
7240
7249
7266
7292
7312
7303
7309
7312
7327
7344
7321
7323
7328
7302
7269
7250
7244
0
0
0
0
0
0
0
0
0
0
7318
7307
7331
7320
7315
7338
7368
7394
7389
7383
7363
7388
7390
7381
7376
7389
7385
7369
7349
7350
7350
7359
7374
7375
7373
7384
7382
7390
7395
7419
0
0
0
0
0
0
0
0
0
0
7319
7305
7309
7324
7334
7343
7345
7322
7304
7303
7291
7278
7283
7281
7301
7296
7309
7338
7340
7344
7346
7344
7331
7327
7310
7309
7336
7325
7328
7341
0
0
0
0
0
0
0
0
0
0
7352
7341
7342
7354
7357
7364
7379
7371
7347
7364
7354
7347
7382
7405
7405
7405
7389
7409
7388
7386
7399
7384
7398
7411
7395
7402
7418
7442
7445
7447
0
0
0
0
0
0
0
0
0
0
7396
7385
7368
7377
7361
7351
7346
7346
7345
7353
7361
7381
7388
7418
7417
7430
7433
7428
7393
7396
7394
7373
7373
7391
7412
7405
7398
7389
7401
7400
0
0
0
0
0
0
0
0
0
0
7407
7402
7390
7371
7357
7356
7365
7363
7356
7332
7363
7406
7412
7369
7382
7402
7402
7410
7404
7415
7416
7418
7409
7435
7437
7438
7431
7415
7407
7374
0
0
0
0
0
0
0
0
0
0
7389
7397
7370
7376
7362
7364
7390
7408
7409
7406
7429
7446
7451
7441
7432
7387
7392
7408
7384
7374
7385
7422
7416
7429
7422
7413
7425
7431
7426
7412
0
0
0
0
0
0
0
0
0
0
7379
7378
7380
7375
7359
7355
7350
7370
7375
7373
7372
7378
7409
7415
7404
7442
7451
7424
7465
7466
7459
7459
7467
7487
7480
7497
7486
7485
7484
7499
0
0
0
0
0
0
0
0
0
0
7515
7516
7510
7514
7489
7495
7494
7511
7498
7480
7453
7462
7468
7461
7460
7483
7451
7434
7455
7453
7460
7484
7489
7501
7515
7536
7531
7534
7517
7553
0
0
0
0
0
0
0
0
0
0
7556
7547
7549
7536
7534
7528
7525
7518
7507
7511
7532
7523
7531
7526
7533
7544
7526
7535
7528
7545
7549
7553
7571
7546
7530
7503
7532
7544
7525
7519
0
0
0
0
0
0
0
0
0
0
7440
7424
7436
7465
7484
7483
7473
7506
7497
7509
7516
7555
7546
7546
7513
7535
7544
7580
7594
7591
7597
7605
7592
7609
7616
7625
7611
7613
7612
7602
0
0
0
0
0
0
0
0
0
0
7605
7623
7614
7627
7625
7620
7624
7613
7615
7610
7635
7641
7619
7635
7623
7587
7587
7628
7624
7603
7602
7605
7585
7582
7594
7586
7562
7556
7570
7570
0
0
0
0
0
0
0
0
0
0
7556
7567
7569
7565
7548
7581
7588
7578
7581
7572
7612
7601
7600
7610
7610
7617
7647
7617
7594
7608
7598
7600
7605
7618
7606
7616
7640
7640
7638
7640
0
0
0
0
0
0
0
0
0
0
7641
7637
7638
7667
7681
7656
7652
7662
7671
7668
7670
7653
7646
7684
7669
7672
7621
7634
7651
7649
7651
7653
7631
7589
7594
7586
7579
7574
7573
7546
0
0
0
0
0
0
0
0
0
0
7565
7573
7589
7595
7601
7602
7605
7592
7620
7592
7580
7588
7568
7548
7570
7573
7557
7561
7559
7579
7582
7586
7598
7609
7614
7611
7621
7624
7642
7657
0
0
0
0
0
0
0
0
0
0
7691
7675
7694
7688
7696
7702
7716
7710
7685
7680
7685
7695
7692
7693
7689
7654
7649
7658
7650
7632
7629
7606
7605
7600
7586
7573
7579
7618
7654
7661
0
0
0
0
0
0
0
0
0
0
7735
7759
7759
7767
7768
7773
7777
7752
7755
7739
7740
7760
7774
7794
7799
7773
7725
7735
7746
7761
7753
7749
7726
7729
7721
7689
7675
7669
7677
7680
0
0
0
0
0
0
0
0
0
0
7683
7714
7713
7711
7746
7751
7732
7737
7739
7741
7759
7782
7793
7798
7802
7791
7752
7753
7737
7726
7733
7737
7719
7728
7741
7770
7734
7732
7737
7730
0
0
0
0
0
0
0
0
0
0
7812
7833
7815
7827
7825
7855
7869
7888
7894
7911
7906
7885
7858
7839
7841
7851
7841
7834
7803
7804
7810
7816
7826
7818
7825
7805
7788
7786
7803
7798
0
0
0
0
0
0
0
0
0
0
7878
7868
7881
7880
7867
7881
7872
7869
7880
7899
7910
7912
7918
7892
7896
7902
7914
7907
7896
7912
7901
7894
7893
7932
7932
7935
7926
7941
7964
7994
0
0
0
0
0
0
0
0
0
0
7984
7987
7984
7958
7962
7960
7953
7947
7930
7909
7885
7936
7938
7947
7943
7946
7957
7957
7946
7943
7984
7981
8001
8005
8021
8017
8009
7999
8027
8036
0
0
0
0
0
0
0
0
0
0
7951
7958
7957
7944
7983
8002
8012
8024
8033
8037
8042
8044
8086
8114
8111
8132
8158
8167
8196
8231
8240
8252
8278
8254
8258
8270
8269
8300
8315
8320
0
0
0
0
0
0
0
0
0
0
8188
8187
8193
8176
8180
8184
8167
8188
8195
8210
8193
8193
8220
8224
8227
8241
8282
8290
8303
8330
8314
8330
8329
8324
8325
8342
8328
8329
8336
8366
0
0
0
0
0
0
0
0
0
0
8371
8381
8388
8394
8392
8419
8422
8419
8386
8398
8405
8403
8416
8422
8413
8389
8387
8390
8390
8419
8431
8417
8431
8447
8423
8414
8410
8450
8441
8435
0
0
0
0
0
0
0
0
0
0
8440
8468
8444
8431
8432
8415
8399
8409
8424
8436
8445
8414
8422
8411
8412
8381
8396
8396
8387
8378
8345
8308
8329
8327
8349
8326
8307
8300
8282
8273
0
0
0
0
0
0
0
0
0
0
8305
8312
8313
8333
8336
8344
8359
8378
8384
8402
8418
8441
8442
8443
8406
8431
8435
8440
8433
8432
8425
8404
8376
8393
8365
8342
8325
8320
8319
8286
0
0
0
0
0
0
0
0
0
0
8330
8341
8311
8340
8350
8358
8364
8356
8372
8385
8386
8382
8367
8358
8336
8320
8319
8303
8325
8316
8314
8379
8379
8343
8329
8322
8327
8320
8282
8263
0
0
0
0
0
0
0
0
0
0
8312
8333
8365
8341
8347
8341
8349
8347
8351
8350
8352
8338
8350
8348
8329
8361
8354
8338
8351
8341
8318
8310
8338
8354
8360
8358
8383
8388
8387
8417
0
0
0
0
0
0
0
0
0
0
8293
8305
8283
8281
8293
8268
8259
8269
8245
8264
8265
8275
8280
8239
8254
8265
8270
8266
8237
8254
8233
8235
8248
8227
8250
8249
8234
8229
8218
8219
0
0
0
0
0
0
0
0
0
0
8336
8322
8329
8321
8318
8319
8329
8322
8319
8331
8321
8355
8342
8324
8319
8307
8299
8293
8292
8282
8294
8299
8297
8295
8298
8288
8296
8295
8265
8289
0
0
0
0
0
0
0
0
0
0
8267
8275
8266
8284
8286
8274
8279
8299
8281
8284
8288
8286
8263
8258
8257
8238
8232
8254
8242
8241
8254
8246
8230
8224
8228
8230
8224
8219
8249
8256
0
0
0
0
0
0
0
0
0
0
8280
8288
8293
8298
8299
8309
8344
8315
8316
8337
8346
8346
8338
8306
8298
8302
8325
8316
8325
8306
8297
8305
8333
8326
8316
8303
8281
8272
8229
8218
0
0
0
0
0
0
0
0
0
0
8300
8270
8289
8311
8298
8306
8303
8317
8322
8321
8330
8314
8322
8308
8316
8319
8290
8290
8266
8263
8279
8272
8267
8280
8295
8318
8325
8321
8340
8354
0
0
0
0
0
0
0
0
0
0
8362
8355
8343
8326
8315
8327
8332
8325
8313
8318
8294
8309
8311
8307
8300
8336
8334
8333
8357
8308
8283
8284
8305
8317
8313
8311
8322
8317
8330
8358
0
0
0
0
0
0
0
0
0
0
8436
8455
8421
8426
8440
8456
8468
8423
8421
8443
8453
8422
8432
8434
8405
8417
8411
8398
8419
8437
8425
8453
8408
8401
8384
8409
8446
8451
8439
8445
0
0
0
0
0
0
0
0
0
0
8498
8518
8528
8524
8499
8515
8523
8541
8549
8552
8531
8510
8516
8535
8548
8552
8523
8523
8539
8569
8598
8604
8607
8608
8594
8605
8606
8601
8601
8626
0
0
0
0
0
0
0
0
0
0
8695
8679
8683
8680
8650
8626
8613
8627
8632
8610
8622
8614
8599
8586
8589
8577
8578
8565
8579
8575
8597
8585
8594
8639
8669
8650
8643
8656
8669
8691
0
0
0
0
0
0
0
0
0
0
8693
8686
8663
8670
8719
8724
8716
8722
8696
8724
8748
8729
8732
8732
8720
8742
8773
8755
8772
8767
8783
8786
8788
8770
8760
8762
8763
8761
8777
8762
0
0
0
0
0
0
0
0
0
0
8808
8776
8765
8777
8776
8773
8791
8777
8785
8802
8830
8849
8838
8863
8855
8856
8843
8836
8845
8848
8876
8891
8890
8893
8907
8868
8872
8861
8841
8810
0
0
0
0
0
0
0
0
0
0
8823
8815
8816
8803
8807
8810
8800
8804
8777
8783
8782
8779
8737
8739
8732
8743
8747
8737
8762
8748
8768
8765
8771
8796
8791
8784
8782
8819
8793
8808
0
0
0
0
0
0
0
0
0
0
8805
8794
8799
8812
8825
8824
8810
8832
8825
8813
8808
8814
8781
8782
8815
8788
8799
8801
8818
8805
8819
8816
8804
8822
8823
8832
8826
8816
8824
8829
0
0
0
0
0
0
0
0
0
0
8843
8838
8814
8837
8829
8846
8827
8827
8827
8813
8816
8818
8837
8823
8841
8839
8833
8825
8792
8799
8804
8805
8786
8754
8742
8771
8779
8789
8787
8784
0
0
0
0
0
0
0
0
0
0
