测量时间：20160724_17_34_57
操作人：3
插损：0dB
长度差：0m
折射率：1.45
7434
7506
7375
7367
7556
7176
7401
7177
7433
7442
7433
7438
7444
7444
7430
7457
7472
7478
7472
7458
7458
7467
7443
7433
7429
7428
7435
7429
7420
7434
7429
7420
7420
7442
7423
7411
7428
7425
7423
7400
7381
7387
7392
7389
7375
7373
7359
7368
7360
7368
7369
7360
7339
7338
7340
7315
7324
7333
7346
7359
7359
7362
7354
7371
7362
7378
7367
7358
7350
7347
7339
7327
7325
7317
7342
7338
7312
7301
7296
7297
7290
7295
7278
7283
7289
7308
7318
7311
7313
7330
7331
7333
7330
7330
7331
7337
7339
7342
7347
7347
7342
7335
7343
7333
7319
7309
7311
7307
7305
7312
7307
7310
7277
7271
7262
7262
7247
7248
7231
7248
7244
7238
7235
7225
7208
7201
7213
7208
7213
7199
7191
7205
7201
7210
7203
7203
7199
7211
7180
7204
7190
7179
7177
7182
7182
7176
7161
7153
7165
7167
7166
7177
7180
7177
7186
7182
7168
7174
7136
7126
7144
7165
7172
7148
7141
7140
7128
7121
7118
7114
7108
7108
7092
7079
7074
7091
7081
7088
7103
7089
7072
7079
7092
7088
7101
7113
7118
7114
7117
7116
7107
7100
7097
7095
7089
7082
7105
7102
7105
7108
7096
7093
7090
7094
7086
7098
7090
7074
7062
7060
7098
7096
7097
7104
7129
7110
7083
7066
7069
7057
7051
7036
7025
7044
7035
7037
7038
7038
7048
7036
7040
7030
7028
7027
7023
7047
7052
7032
7048
7057
7064
7065
7058
7055
7071
7076
7088
7090
7075
7082
7078
7068
7066
7081
7074
7066
7085
7084
7095
7092
7095
7094
7086
7075
7078
7056
7054
7064
7056
7070
7057
7059
7054
7052
7062
7066
7060
7051
7063
7075
7079
7075
7080
7091
7099
7100
7109
7116
7115
7135
7129
7143
7153
7155
7131
7147
7143
7152
7139
7134
7155
7160
7149
7171
7169
7183
7191
7180
7166
7173
7157
7172
7187
7206
7204
7217
7219
7208
7205
7188
7185
7197
7192
7194
7183
7178
7199
7206
7198
7208
7194
7190
7189
7186
7195
7190
7210
7228
7246
7247
7238
7234
7233
7236
7243
7237
7236
7223
7225
7219
7201
7212
7224
7217
7227
7228
7205
7209
7204
7225
7225
7228
7226
7223
7230
7239
7251
7254
7271
7290
7283
7260
7253
7250
7247
7258
7254
7251
7244
7242
7242
7250
7238
7253
7256
7264
7253
7223
7224
7219
7241
7243
7232
7237
7231
7230
7223
7203
7211
7219
7202
7212
7200
7205
7204
7214
7234
7227
7232
7220
7217
7224
7216
7207
7216
7225
7241
7240
7233
7239
7242
7251
7251
7255
7257
7254
7266
7269
7285
7265
7259
7256
7268
7255
7276
7271
7274
7274
7267
7279
7279
7277
7275
7272
7275
7279
7290
7273
7295
7279
7286
7290
7303
7292
7278
7289
7288
7299
7282
7278
7277
7291
7293
7290
7284
7273
7283
7268
7287
7288
7285
7274
7285
7296
7274
7276
7273
7265
7239
7253
7236
7220
7210
7213
7199
7190
7207
7195
7187
7194
7186
7165
7166
7165
7157
7155
7156
7189
7165
7174
7177
7173
7162
7174
7187
7177
7166
7167
7165
7166
7161
7144
7149
7146
7142
7136
7104
7105
7092
7089
7091
7083
7070
7068
7075
7074
7069
7033
7030
7015
7044
7026
7039
7029
7009
7012
7009
6998
6997
6999
6996
6994
6984
6977
6981
6982
7010
7007
7014
6973
6984
6974
6972
6993
6977
6974
6994
6988
6979
6979
6971
6958
6958
6963
6957
6950
6941
6938
6949
6945
6932
6930
6934
6948
6948
6928
6923
6936
6931
6935
6943
6923
6935
6927
6924
6939
6941
6948
6945
6947
6946
6944
6958
6946
6941
6940
6928
6923
6916
6905
6903
6902
6907
6882
6890
6891
6867
6864
6849
6851
6844
6845
6845
6853
6850
6855
6848
6844
6846
6852
6836
6840
6841
6813
6805
6829
6822
6832
6816
6807
6796
6793
6765
6775
6748
6755
6755
6749
6750
6757
6741
6763
6768
6777
6755
6780
6775
6765
6768
6764
6766
6782
6772
6802
6809
6804
6803
6801
6791
6813
6804
6789
6781
6787
6757
6769
6795
6803
6809
6807
6802
6812
6791
6799
6807
6805
6820
6834
6814
6810
6836
6831
6842
6846
6819
6818
6812
6802
6832
6836
6828
6836
6827
6836
6856
6839
6823
6813
6820
6815
6822
6798
6796
6815
6810
6817
6818
6776
6778
6758
6762
6762
6754
6743
6748
6748
6766
6776
6776
6774
6805
6831
6825
6825
6812
6805
6815
6798
6830
6821
6811
6810
6793
6803
6786
6774
6762
6752
6747
6718
6700
6710
6691
6695
6718
6723
6752
6735
6732
6739
6737
6754
6756
6777
6786
6790
6788
6784
6802
6810
6814
6842
6842
6835
6848
6840
6851
6870
6855
6872
6872
6853
6841
6851
6852
6840
6851
6859
6866
6858
6856
6856
6829
6814
6821
6811
6798
6824
6808
6815
6813
6821
6801
6811
6825
6829
6820
6814
6816
6812
6825
6845
6841
6834
6835
6848
6841
6854
6842
6850
6853
6877
6861
6875
6875
6875
6860
6873
6873
6851
6851
6835
6830
6820
6801
6802
6790
6796
6781
6781
6769
6778
6765
6765
6768
6772
6765
6768
6766
6757
6784
6804
6818
6837
6835
6817
6812
6829
6831
6839
6821
6842
6843
6858
6865
6857
6855
6871
6879
6874
6876
6885
6883
6885
6903
6893
6890
6892
6878
6892
6891
6878
6861
6860
6868
6861
6884
6892
6894
6881
6877
6886
6882
6879
6902
6919
6920
6940
6946
6910
6922
6931
6931
6927
6932
6913
6912
6921
6922
6927
6914
6923
6932
6920
6904
6888
6880
6870
6897
6904
6896
6888
6908
6914
6908
6920
6907
6902
6874
6882
6878
6869
6873
6861
6878
6888
6877
6874
6854
6858
6854
6829
6830
6848
6830
6829
6824
6843
6834
6836
6854
6849
6877
6888
6874
6896
6894
6906
6915
6936
6954
6947
6921
6931
6942
6964
6970
6974
6978
6980
7005
6995
6980
6989
6988
6987
6979
6962
6950
6962
6960
6972
6970
6971
6962
6956
6956
6955
6959
6939
6947
6958
6954
6948
6976
6984
6986
7000
6986
7004
6995
6988
6993
6994
6996
6999
7004
6994
6990
6987
6984
6982
7001
6991
6998
7012
7003
7011
7012
7015
7028
7000
7019
7020
7016
7006
7010
7031
7034
7015
7041
7023
7019
7024
7014
7012
7002
6991
7003
6990
7012
6993
7020
7021
7044
7041
7018
7019
7038
7008
7012
6992
6978
6989
6993
6966
6983
6976
6978
6978
6979
6942
6947
6932
6930
6937
6935
6928
6938
6937
6964
6970
6955
6955
6967
6954
6961
6959
6944
6950
6962
6958
6955
6950
6958
6971
6978
6976
6985
6988
7000
6998
6998
7011
7010
7012
7020
7036
7029
7031
7043
7054
7055
7054
7040
7051
7048
7043
7017
7007
7015
7010
7006
7010
7017
7020
7018
7004
7010
7006
6987
6986
6963
6952
6941
6945
6945
6946
6941
6953
6938
6941
6931
6942
6949
6958
6974
6961
6953
6969
6981
6999
7024
7023
7019
7017
7011
7038
7029
7044
7042
7047
7014
7005
6999
7003
7001
7011
7012
7011
7025
7004
7004
7008
7009
7027
7004
7003
7027
7024
7020
7047
7047
7037
7038
7051
7042
7033
7025
7012
7026
7045
7041
7046
7039
7044
7059
7049
7047
7048
7029
7027
7035
7041
7041
7040
7037
7030
7033
7036
7003
7004
7007
7005
7010
6995
6991
6996
7001
6982
6978
6981
6972
6970
6981
6995
7010
6987
6968
6978
6976
6970
6960
6976
6974
6990
6990
6993
7015
7026
7009
7008
6972
6957
6951
6964
6988
7003
7007
7017
7014
7034
6997
6996
6974
6972
6975
6980
6981
6996
7001
7044
7053
7050
7035
7034
7030
7027
7004
7001
6995
7018
7027
7040
7062
7056
7049
7052
7055
7049
7040
7036
7036
7026
7021
7023
7029
7045
7058
7062
7038
7043
7033
7023
7022
7027
7023
7018
7019
7019
7005
7005
7012
7013
7012
7009
7010
7001
6994
7009
6981
6976
6969
6968
6964
6964
6959
6963
6963
6974
6967
6974
6975
6981
6979
6974
6994
6993
7004
7017
7007
7009
7014
7017
7011
7017
7007
7018
7029
7036
7044
7044
7048
7049
7043
7031
7029
7026
7037
7033
7039
7041
7041
7041
7033
7039
7023
7009
7009
6975
6979
6954
6983
7001
6990
6985
6976
6938
6966
6939
6946
6948
6940
6947
6945
6942
6951
6964
6982
6961
6974
6945
6936
6941
6935
6937
6967
6968
6986
6948
6938
6947
6945
6945
6945
6926
6916
6911
6927
6917
6929
6927
6935
6955
6959
6962
6963
6968
6989
7007
7008
7012
7018
7030
7060
7068
7056
7056
7067
7061
7062
7043
7058
7049
7046
7046
7021
7029
7014
7018
7024
7028
7024
6991
6982
7002
7008
7014
7021
7027
7039
7025
7030
7022
7024
7043
7065
7074
7082
7076
7042
7036
7058
7069
7072
7065
7068
7058
7045
7047
7052
7045
7050
7035
7058
7030
7018
7002
7009
7048
7058
7042
7025
7019
7009
7004
7002
7022
7017
7008
7023
7017
7019
6996
7004
7004
7004
7001
7011
7007
7028
7019
7018
7031
7023
7013
7000
6997
6993
6985
7002
7010
7013
7004
7008
7022
7034
7009
7019
7013
7025
7020
6997
6994
7008
7016
7027
7040
7039
7035
7035
7028
7026
7034
7028
7004
6995
6999
6998
7018
7027
7052
7061
7064
7063
7055
7028
7041
7039
7016
7020
7027
7026
7026
7038
7051
7022
6981
6966
6940
6901
6906
6910
6879
6886
6906
6865
6860
6892
6888
6882
6868
6864
6852
6837
6852
6909
6918
6963
7001
6977
6978
7003
6995
6995
6995
7004
7001
7012
7028
7057
7054
7062
7077
7077
7071
7060
7038
7059
7103
7087
7105
7117
7117
7144
7151
7147
7130
7126
7109
7116
7094
7095
7101
7092
7088
7125
7111
7061
7078
7061
7063
7039
7050
7041
7027
7052
7049
7055
7065
7098
7096
7081
7088
7144
7090
7071
7102
7066
7068
7071
7095
7074
7060
7073
7054
7051
7032
7023
6991
6984
7000
6997
6940
6955
6967
6972
7006
7007
7006
6976
6989
7000
7021
7033
7039
7025
7031
7053
7058
7045
7085
7092
7106
7112
7105
7078
7094
7091
7120
7099
7109
7090
7061
7029
7059
7061
7066
7068
7102
7061
7074
7061
7057
7067
7078
7071
7067
7048
7043
7038
7034
7060
7087
7082
7064
7023
7029
7003
7017
7008
7019
7042
7034
7047
7051
7054
7076
7081
7074
7074
7069
7091
7092
7100
7148
7148
7160
7138
7130
7125
7103
7128
7134
7130
7146
7147
7165
7162
7191
7194
7159
7154
7155
7113
7121
7105
7112
7100
7089
7085
7052
7043
7041
7018
7011
6970
6981
6924
6918
6932
6935
6929
6970
6961
6971
7000
7024
7034
7026
7050
7045
7032
7051
7058
7098
7096
7127
7141
7127
7128
7141
7143
7137
7131
7083
7082
7071
7077
7055
7057
7079
7068
7066
7069
7051
7052
7042
7055
7054
7061
7051
7028
7002
7019
7023
7038
7051
7055
7059
7060
7054
7072
7072
7093
7090
7068
7077
7081
7066
7038
7062
7101
7091
7084
7089
7074
7072
7073
7070
7080
7061
7039
7038
7040
7056
7070
7071
7067
7122
7122
7106
7131
7136
7102
7114
7119
7116
7082
7057
7061
7077
7053
7048
7059
7036
7038
7049
7028
7021
7026
6982
6969
6990
6963
6992
6987
7012
7017
7009
6997
7009
7013
7019
7021
7043
7034
7027
6989
7014
7042
7060
7062
7088
7054
7045
7056
7075
7080
7084
7092
7106
7096
7116
7092
7090
7101
7148
7122
7093
7085
7086
7085
7092
7113
7061
7021
7016
7028
7040
7026
7019
6993
6977
6981
6962
6968
6966
7002
7026
7020
7025
7017
7003
7035
7068
7079
7081
7072
7086
7093
7127
7166
7165
7171
7175
7181
7173
7151
7194
7188
7168
7178
7184
7195
7191
7188
7198
7177
7174
7148
7132
7145
7145
7129
7128
7133
7144
7100
7098
7132
7126
7126
7095
7086
7085
7070
7106
7110
7105
7099
7112
7100
7106
7092
7128
7109
7102
7114
7106
7132
7137
7157
7147
7141
7144
7128
7120
7117
7108
7085
7096
7087
7087
7052
7065
7082
7082
7094
7077
7076
7074
7090
7091
7101
7087
7067
7063
7065
7076
7078
7088
7106
7106
7094
7093
7081
7085
7084
7085
7104
7107
7113
7135
7127
7154
7140
7137
7139
7117
7089
7085
7085
7088
7123
7122
7113
7098
7100
7088
7053
7051
7029
7016
7023
7042
7056
7039
7053
7084
7092
7101
7100
7034
7028
7024
7040
7056
7051
7084
7086
7076
7098
7089
7111
7114
7112
7119
7111
7105
7092
7090
7120
7126
7121
7113
7110
7106
7105
7103
7102
7105
7104
7076
7070
7088
7081
7085
7083
7101
7130
7129
7099
7102
7101
7071
7072
7079
7098
7106
7105
7107
7129
7116
7099
7116
7119
7140
7130
7103
7105
7137
7132
7107
7120
7147
7145
7140
7123
7149
7156
7151
7130
7149
7141
7153
7147
7141
7154
7145
7179
7190
7225
7199
7180
7164
7164
7181
7168
7167
7195
7227
7214
7198
7186
7180
7151
7144
7163
7113
7107
7096
7125
7148
7162
7159
7174
7207
7205
7181
7151
7152
7136
7120
7115
7140
7142
7135
7160
7172
7198
7204
7176
7184
7177
7172
7132
7131
7138
7150
7152
7180
7207
7209
7202
7212
7214
7214
7211
7187
7180
7185
7166
7168
7170
7193
7199
7189
7217
7216
7218
7201
7201
7216
7177
7188
7184
7178
7208
7208
7199
7227
7224
7216
7194
7211
7203
7200
7227
7231
7238
7238
7240
7227
7200
7199
7194
7170
7173
7188
7170
7192
7194
7187
7166
7171
7160
7156
7209
7251
7268
7261
7302
7291
7291
7277
7263
7261
7256
7261
7254
7258
7270
7248
7251
7271
7218
7170
7132
7131
7139
7142
7163
7171
7195
7188
7217
7220
7215
7196
7190
7199
7241
7214
7199
7238
7213
7209
7189
7200
7173
7181
7147
7135
7154
7127
7102
7109
7114
7110
7096
7079
7111
7127
7121
7117
7122
7129
7136
7176
7176
7208
7228
7249
7247
7282
7305
7309
7299
7315
7319
7328
7328
7370
7407
7392
7358
7347
7329
7329
7330
7295
7275
7275
7276
7263
7273
7295
7312
7305
7301
7273
7212
7201
7218
7255
7252
7242
7254
7255
7280
7271
7270
7261
7258
7247
7241
7209
7249
7253
7280
7317
7302
7306
7305
7310
7333
7324
7329
7334
7353
7336
7337
7338
7352
7362
7367
7319
7291
7291
7257
7288
7265
7269
7265
7285
7291
7298
7307
7322
7339
7342
7349
7351
7335
7329
7349
7345
7351
7369
7357
7404
7417
7415
7426
7413
7400
7392
7397
7410
7410
7402
7395
7405
7420
7418
7447
7447
7456
7483
7436
7412
7406
7374
7390
7396
7396
7377
7386
7388
7389
7405
7389
7381
7383
7378
7365
7356
7315
7364
7375
7403
7406
7402
7390
7406
7407
7399
7419
7421
7404
7423
7433
7432
7449
7460
7464
7486
7442
7439
7396
7402
7405
7413
7415
7445
7442
7417
7416
7420
7403
7368
7389
7386
7368
7368
7361
7362
7390
7415
7418
7413
7406
7391
7359
7333
7364
7376
7368
7389
7415
7394
7384
7402
7400
7417
7414
7399
7418
7422
7422
7423
7409
7406
7438
7391
7387
7391
7404
7419
7418
7407
7375
7377
7353
7402
7394
7375
7368
7354
7361
7387
7374
7366
7388
7355
7360
7343
7336
7333
7353
7361
7358
7370
7341
7359
7357
7345
7363
7365
7362
7377
7375
7375
7400
7396
7392
7380
7385
7378
7403
7409
7412
7414
7370
7352
7365
7365
7393
7427
7428
7429
7447
7449
7467
7472
7476
7473
7470
7432
7429
7440
7443
7486
7511
7504
7506
7478
7413
7400
7400
7373
7358
7317
7317
7330
7352
7345
7375
7366
7381
7388
7383
7379
7379
7368
7356
7377
7390
7393
7397
7413
7469
7464
7451
7412
7424
7471
7467
7451
7438
7428
7425
7422
7427
7423
7452
7443
7446
7460
7454
7424
7407
7397
7416
7420
7380
7410
7400
7430
7436
7446
7469
7458
7476
7435
7440
7421
7384
7351
7354
7361
7390
7371
7377
7370
7356
7356
7309
7306
7321
7304
7321
7322
7340
7358
7371
7400
7432
7436
7448
7411
7433
7421
7435
7484
7488
7516
7517
7503
7499
7504
7519
7519
7482
7487
7487
7535
7532
7547
7595
7598
7605
7583
7538
7539
7549
7549
7559
7571
7579
7570
7574
7595
7597
7573
7512
7513
7512
7478
7477
7473
7496
7451
7440
7444
7435
7426
7416
7433
7465
7464
7477
7478
7504
7536
7536
7546
7569
7557
7580
7576
7621
7638
7626
7650
7641
7654
7630
7581
7605
7599
7577
7572
7565
7571
7557
7540
7557
7514
7522
7524
7516
7511
7516
7521
7509
7555
7567
7546
7550
7572
7576
7609
7604
7609
7620
7631
7657
7659
7664
7666
7670
7653
7656
7663
7585
7601
7601
7575
7605
7612
7572
7576
7579
7574
7562
7564
7554
7563
7584
7585
7586
7600
7592
7628
7595
7602
7629
7572
7554
7564
7577
7600
7601
7606
7577
7578
7567
7546
7545
7544
7526
7524
7518
7551
7549
7550
7578
7597
7607
7595
7553
7553
7546
7559
7570
7571
7586
7578
7583
7563
7572
7575
7562
7563
7564
7568
7564
7546
7519
7528
7561
7567
7559
7540
7536
7516
7527
7564
7595
7613
7624
7626
7610
7626
7620
7626
7634
7658
7672
7632
7642
7662
7677
7691
7726
7728
7656
7635
7618
7611
7625
7633
7613
7629
7608
7610
7586
7568
7578
7573
7576
7591
7578
7566
7568
7631
7656
7693
7691
7677
7652
7656
7675
7651
7652
7663
7672
7677
7667
7643
7626
7641
7635
7628
7599
7620
7591
7595
7599
7614
7612
7581
7624
7627
7639
7645
7640
7648
7663
7664
7657
7657
7659
7663
7646
7637
7635
7610
7634
7641
7626
7640
7637
7651
7643
7655
7653
7658
7619
7585
7603
7592
7594
7560
7572
7574
7603
7582
7606
7628
7615
7619
7584
7591
7551
7516
7522
7540
7586
7576
7606
7627
7654
7658
7654
7650
7660
7639
7637
7636
7646
7681
7682
7718
7753
7751
7768
7761
7748
7742
7698
7699
7690
7699
7677
7658
7655
7666
7659
7646
7645
7651
7641
7638
7654
7674
7668
7682
7643
7662
7668
7675
7668
7693
7708
7707
7702
7702
7708
7705
7702
7704
7711
7702
7685
7689
7677
7704
7696
7683
7670
7665
7661
7664
7668
7663
7682
7684
7701
7700
7675
7659
7652
7629
7628
7623
7625
7666
7688
7697
7681
7692
7702
7681
7685
7675
7681
7696
7698
7732
7735
7725
7753
7771
7778
7782
7741
7704
7703
7732
7748
7746
7769
7754
7775
7763
7738
7743
7743
7763
7782
7786
7770
7776
7793
7809
7815
7842
7841
7812
7816
7825
7831
7826
7834
7832
7818
7799
7793
7795
7763
7757
7754
7741
7745
7769
7741
7759
7746
7752
7733
7747
7736
7736
7715
7733
7757
7769
7764
7792
7810
7833
7835
7836
7810
7807
7791
7831
7804
7834
7831
7824
7820
7846
7833
7830
7839
7844
7851
7843
7825
7835
7829
7856
7870
7877
7857
7883
7870
7896
7911
7905
7882
7891
7906
7899
7910
7907
7910
7911
7905
7894
7896
7894
7886
7905
7905
7898
7878
7892
7909
7936
7955
7945
7948
7987
7990
7966
7966
7967
7986
7982
8006
8014
7985
7996
8006
8012
8014
8019
8019
8031
8037
8032
7989
7991
8017
8020
8032
8060
8067
8058
8060
8081
8085
8098
8096
8089
8071
8070
8011
7980
8007
8010
7993
8006
8004
8014
7972
7969
7960
7957
7978
7971
7962
7968
7981
8010
8015
8090
8134
8114
8117
8148
8157
8163
8157
8192
8184
8196
8211
8220
8232
8240
8245
8232
8249
8260
8228
8231
8232
8248
8263
8258
8274
8293
8293
8330
8374
8377
8364
8333
8340
8323
8332
8320
8323
8305
8311
8317
8315
8314
8317
8322
8298
8321
8311
8250
8255
8257
8298
8290
8322
8322
8327
8355
8380
8403
8408
8401
8393
8401
8393
8379
8360
8368
8385
8385
8359
8333
8338
8340
8353
8350
8320
8328
8298
8300
8319
8320
8324
8335
8362
8364
8326
8334
8334
8370
8371
8372
8350
8337
8335
8337
8346
8372
8373
8333
8325
8317
8312
8295
8294
8334
8302
8266
8259
8251
8276
8329
8325
8325
8327
8315
8288
8285
8318
8313
8320
8320
8351
8395
8388
8416
8420
8420
8457
8420
8383
8382
8373
8378
8375
8387
8384
8374
8374
8379
8379
8342
8298
8303
8310
8341
8342
8309
8347
8347
8351
8383
8418
8416
8411
8405
8413
8429
8405
8395
8427
8432
8457
8450
8464
8451
8473
8453
8459
8458
8451
8437
8448
8449
8468
8449
8449
8480
8477
8467
8481
8454
8456
8414
8401
8387
8385
8392
8358
8360
8314
8315
8312
8304
8353
8351
8330
8345
8344
8306
8299
8297
8337
8387
8400
8410
8397
8434
8422
8455
8459
8464
8449
8400
8397
8398
8405
8415
8432
8430
8439
8419
8405
8360
8349
8344
8362
8354
8320
8287
8279
8284
8292
8306
8305
8294
8256
8261
8258
8263
8268
8263
8300
8297
8300
8284
8288
8310
8301
8328
8327
8322
8327
8323
8312
8313
8287
8292
8279
8283
8260
8264
8264
8262
8257
8251
8216
8238
8212
8231
8255
8234
8228
8236
8296
8302
8322
8319
8285
8280
8262
8253
8232
8238
8237
8277
8276
8289
8280
8263
8262
8246
8260
8218
8227
8205
8207
8253
8239
8259
8250
8229
8225
8220
8203
8205
8176
8153
8160
8162
8162
8144
8157
8148
8156
8146
8158
8189
8169
8193
8235
8211
8209
8217
8216
8241
8254
8249
8251
8280
8279
8272
8313
8308
8313
8299
8299
8320
8324
8320
8350
8327
8324
8326
8303
8310
8321
8333
8323
8307
8295
8267
8236
8215
8200
8196
8201
8197
8199
8223
8256
8254
8229
8283
8278
8286
8287
8280
8319
8328
8327
8367
8384
8387
8394
8380
8368
8363
8341
8321
8321
8346
8312
8311
8302
8281
8293
8254
8246
8246
8249
8245
8243
8255
8247
8252
8271
8286
8305
8286
8277
8272
8281
8282
8294
8291
8277
8315
8313
8313
8333
8332
8288
8271
8269
8226
8218
8221
8223
8235
8234
8236
8244
8236
8235
8252
8224
8236
8231
8220
8222
8279
8311
8283
8334
8318
8328
8366
8357
8340
8335
8319
8309
8313
8370
8335
8319
8311
8280
8260
8232
8207
8240
8221
8226
8222
8232
8239
8235
8221
8223
8240
8250
8206
8241
8268
8270
8306
8354
8359
8387
8362
8358
8354
8364
8305
8303
8304
8328
8317
8326
8298
8303
8309
8303
8305
8296
8261
8259
8258
8276
8289
8292
8270
8297
8296
8326
8314
8329
8328
8366
8364
8356
8362
8364
8375
8395
8402
8405
8423
8379
8382
8384
8373
8379
8361
8353
8356
8336
8322
8325
8320
8312
8311
8328
8315
8313
8317
8323
8341
8347
8326
8377
8384
8372
8389
8390
8416
8418
8431
8448
8440
8401
8393
8386
8361
8365
8349
8409
8411
8445
8427
8428
8475
8468
8470
8479
8497
8489
8489
8483
8535
8516
8536
8568
8586
8594
8561
8547
8526
8522
8529
8495
8520
8523
8516
8534
8538
8519
8552
8548
8571
8599
8574
8566
8577
8580
8588
8609
8626
8621
8661
8667
8671
8675
8658
8660
8685
8676
8686
8681
8703
8727
8735
8778
8784
8766
8796
8785
8788
8766
8753
8784
8800
8798
8769
8774
8775
8762
8764
8722
8736
8736
8689
8689
8754
8746
8749
8734
8734
8735
8714
8658
8660
8703
8681
8682
8692
8693
8689
8687
8659
8667
8675
8656
8643
8647
8678
8705
8683
8677
8723
8708
8701
8726
8728
8732
8751
8771
8772
8789
8825
8813
8794
8791
8790
8788
8749
8766
8749
8767
8781
8758
8728
8733
8709
8709
8704
8704
8710
8675
8687
8699
8707
8708
8719
8739
8750
8771
8749
8752
8790
8840
8833
8865
8886
8884
8859
8891
8893
8893
8911
8903
8912
8907
8916
8917
8917
8888
8878
8860
8843
8847
8839
8795
8801
8810
8779
8781
8788
8770
8758
8753
8740
8746
8715
8712
8754
8775
8781
8781
8779
8777
8789
8777
8792
8800
8775
8756
8752
8773
8769
8784
8777
8793
8792
8761
8748
8752
8757
8755
8753
8760
8740
8756
8746
8774
8796
8801
8772
8775
8758
8755
8741
8741
8733
8713
8707
8701
8701
8681
8656
8684
8664
8646
8625
8608
8581
8615
8611
8624
8599
8630
8634
8634
8698
8722
8704
8724
8753
8805
8803
8804
8802
8819
8818
8853
8847
8874
8863
8894
8879
8879
8920
8893
8865
8884
8860
8860
8830
8793
8804
8827
8816
8825
8816
8798
8767
8760
8757
9011
8821
8624
8915
8791
8511
8704
8692
8763
9159
0
0
0
0
0
0
0
0
0
0
0
0
0
0
0
0
0
0
0
0
