测量时间：20160724_17_25_55
操作人：3
插损：0dB
长度差：0m
折射率：1.45
7545
7402
6969
7370
7397
7607
7418
7265
7334
7392
7388
7387
7401
7377
7381
7377
7374
7375
7374
7380
7383
7375
7338
7344
7329
7332
7355
7315
7314
7310
0
0
0
0
0
0
0
0
0
0
7331
7346
7340
7377
7356
7343
7367
7361
7359
7343
7335
7335
7326
7304
7320
7316
7328
7324
7314
7271
7277
7266
7229
7248
7241
7277
7273
7270
7289
7305
0
0
0
0
0
0
0
0
0
0
7373
7360
7365
7369
7331
7329
7308
7288
7277
7271
7262
7246
7248
7255
7251
7234
7231
7234
7228
7232
7239
7224
7235
7241
7228
7244
7261
7264
7281
7281
0
0
0
0
0
0
0
0
0
0
7249
7242
7241
7252
7256
7253
7250
7239
7226
7217
7204
7209
7208
7215
7206
7208
7208
7211
7213
7202
7217
7224
7223
7197
7187
7176
7191
7204
7216
7219
0
0
0
0
0
0
0
0
0
0
7169
7169
7189
7187
7189
7180
7181
7159
7143
7129
7115
7106
7133
7115
7114
7108
7103
7076
7069
7057
7064
7060
7065
7057
7050
7047
7061
7049
7058
7057
0
0
0
0
0
0
0
0
0
0
7047
7045
7048
7053
7058
7055
7076
7071
7068
7074
7063
7082
7087
7084
7092
7108
7091
7090
7103
7100
7093
7099
7088
7059
7051
7050
7042
7041
7032
7045
0
0
0
0
0
0
0
0
0
0
7057
7058
7060
7076
7076
7084
7092
7093
7094
7101
7114
7120
7119
7127
7126
7112
7124
7125
7112
7115
7094
7115
7112
7114
7105
7097
7100
7102
7105
7092
0
0
0
0
0
0
0
0
0
0
7147
7157
7166
7168
7172
7162
7173
7172
7169
7162
7161
7172
7158
7159
7169
7133
7131
7126
7111
7130
7100
7101
7103
7105
7113
7095
7112
7120
7112
7106
0
0
0
0
0
0
0
0
0
0
7202
7208
7203
7209
7221
7211
7227
7243
7220
7221
7205
7198
7209
7208
7199
7195
7188
7180
7188
7188
7197
7201
7203
7215
7220
7211
7206
7236
7242
7245
0
0
0
0
0
0
0
0
0
0
7223
7215
7206
7194
7200
7199
7201
7193
7189
7205
7196
7201
7205
7196
7192
7201
7191
7182
7188
7196
7207
7200
7210
7203
7195
7185
7192
7196
7189
7208
0
0
0
0
0
0
0
0
0
0
7209
7199
7215
7224
7240
7238
7226
7229
7239
7237
7225
7235
7224
7235
7223
7223
7229
7214
7201
7191
7192
7178
7186
7163
7180
7190
7191
7183
7177
7181
0
0
0
0
0
0
0
0
0
0
7182
7196
7211
7199
7198
7216
7202
7218
7245
7272
7284
7289
7293
7294
7311
7306
7315
7311
7310
7321
7292
7296
7285
7283
7257
7265
7255
7248
7235
7226
0
0
0
0
0
0
0
0
0
0
7177
7190
7192
7193
7197
7204
7190
7180
7185
7205
7200
7197
7202
7199
7214
7215
7210
7199
7193
7183
7161
7169
7171
7168
7163
7151
7148
7134
7119
7094
0
0
0
0
0
0
0
0
0
0
7028
7033
7028
7031
7026
7025
7012
7020
7047
7031
7041
7043
7037
7038
7050
7039
7052
7048
7053
7074
7064
7061
7058
7059
7054
7094
7096
7079
7083
7068
0
0
0
0
0
0
0
0
0
0
6967
6965
6960
6969
6929
6925
6919
6916
6918
6926
6907
6922
6923
6934
6938
6941
6941
6935
6937
6930
6916
6912
6889
6885
6875
6879
6874
6876
6894
6896
0
0
0
0
0
0
0
0
0
0
6821
6832
6838
6835
6830
6833
6825
6814
6808
6807
6809
6806
6806
6843
6854
6852
6852
6846
6853
6883
6879
6875
6880
6879
6858
6872
6859
6859
6853
6826
0
0
0
0
0
0
0
0
0
0
6774
6768
6777
6790
6759
6774
6770
6770
6788
6776
6763
6756
6725
6717
6725
6735
6748
6755
6782
6794
6803
6802
6804
6818
6812
6832
6829
6840
6860
6850
0
0
0
0
0
0
0
0
0
0
6774
6771
6772
6778
6761
6758
6742
6739
6766
6768
6772
6789
6782
6811
6819
6834
6830
6841
6833
6832
6839
6816
6811
6811
6814
6818
6815
6816
6812
6812
0
0
0
0
0
0
0
0
0
0
6785
6772
6759
6763
6766
6788
6787
6789
6784
6758
6755
6748
6746
6769
6760
6761
6772
6779
6783
6767
6770
6789
6787
6781
6768
6759
6757
6773
6788
6768
0
0
0
0
0
0
0
0
0
0
6765
6762
6762
6770
6761
6770
6760
6749
6762
6761
6762
6759
6753
6772
6758
6761
6762
6762
6754
6731
6731
6737
6731
6755
6746
6725
6721
6725
6725
6725
0
0
0
0
0
0
0
0
0
0
6825
6800
6791
6765
6778
6787
6782
6784
6771
6758
6742
6737
6744
6759
6764
6775
6772
6768
6765
6761
6780
6781
6826
6829
6826
6831
6826
6836
6838
6835
0
0
0
0
0
0
0
0
0
0
6846
6829
6845
6858
6864
6858
6865
6888
6904
6911
6903
6887
6875
6881
6886
6889
6869
6872
6854
6849
6847
6838
6843
6837
6837
6832
6806
6797
6789
6799
0
0
0
0
0
0
0
0
0
0
6896
6884
6892
6892
6880
6875
6881
6884
6872
6847
6874
6874
6866
6861
6837
6839
6841
6828
6826
6823
6818
6827
6803
6816
6833
6837
6840
6854
6858
6837
0
0
0
0
0
0
0
0
0
0
6820
6856
6847
6845
6837
6843
6831
6833
6835
6851
6857
6852
6854
6870
6867
6867
6863
6878
6881
6875
6880
6882
6877
6882
6876
6899
6902
6894
6884
6882
0
0
0
0
0
0
0
0
0
0
6939
6939
6944
6955
6930
6928
6935
6942
6941
6953
6946
6930
6931
6934
6930
6936
6925
6925
6920
6941
6939
6933
6907
6910
6912
6910
6913
6928
6926
6905
0
0
0
0
0
0
0
0
0
0
6896
6917
6897
6901
6920
6915
6900
6889
6910
6909
6914
6913
6923
6936
6926
6927
6942
6934
6949
6961
6972
6989
6973
6957
6948
6944
6955
6962
6951
6942
0
0
0
0
0
0
0
0
0
0
6907
6923
6938
6944
6923
6944
6944
6948
6957
6962
6979
6996
7024
7039
7041
7043
7043
7053
7052
7043
7059
7042
7050
7076
7058
7063
7060
7070
7057
7027
0
0
0
0
0
0
0
0
0
0
6919
6912
6910
6907
6903
6904
6881
6878
6905
6931
6930
6936
6924
6947
6946
6923
6921
6909
6921
6917
6930
6931
6933
6923
6924
6924
6954
6961
6968
6961
0
0
0
0
0
0
0
0
0
0
7057
7050
7044
7047
7055
7031
7022
7019
7042
7047
7052
7052
7037
7015
7002
6978
6968
6962
6956
6953
6971
6979
6982
6988
6987
6993
6996
6961
6959
6956
0
0
0
0
0
0
0
0
0
0
7025
7019
7024
7039
7023
7024
7051
7067
7060
7031
7026
7030
7044
7054
7049
7034
7021
7017
7017
6989
6984
6976
6957
6961
6941
6937
6915
6915
6913
6917
0
0
0
0
0
0
0
0
0
0
6959
6961
6984
7002
7005
7012
7028
7033
7032
7023
6993
6990
6984
6965
6961
6968
6968
6976
7005
7011
7027
7008
7013
7007
6987
6984
6975
6965
6966
6975
0
0
0
0
0
0
0
0
0
0
6977
6981
7014
7030
7028
7033
7040
7042
7055
7024
7018
7013
7016
7015
6998
7014
7020
7025
7022
7012
7001
6958
6956
6946
6941
6943
6937
6940
6955
6963
0
0
0
0
0
0
0
0
0
0
6943
6961
6945
6951
6951
6954
6943
6939
6933
6932
6939
6944
6938
6953
6949
6941
6945
6954
6969
6973
6973
6988
6994
7009
7010
7011
7020
7016
7015
7003
0
0
0
0
0
0
0
0
0
0
6977
6985
6969
6952
6962
6967
6975
6981
6973
6983
6991
6983
6971
6977
6985
6983
6996
6991
7004
7028
7016
7027
7052
7047
7048
7051
7066
7074
7072
7075
0
0
0
0
0
0
0
0
0
0
7059
7054
7061
7052
7039
7021
7031
7030
7028
7053
7057
7057
7063
7043
7020
7020
7006
7006
6998
6996
6990
6990
6993
7005
7009
7003
7007
7003
6974
6973
0
0
0
0
0
0
0
0
0
0
7009
7013
7014
7010
7025
7032
7026
7038
7036
7038
7059
7076
7084
7096
7111
7114
7116
7111
7114
7130
7131
7134
7149
7128
7138
7142
7127
7138
7134
7127
0
0
0
0
0
0
0
0
0
0
7094
7059
7074
7061
7057
7051
7041
7040
7011
7009
7018
7008
7011
6990
6995
6991
6979
6975
6951
6923
6948
6924
6918
6923
6934
6925
6920
6946
6930
6928
0
0
0
0
0
0
0
0
0
0
6977
6969
6954
6976
6989
6973
6987
6995
6998
7016
6994
6991
6994
7001
6992
6985
6986
7006
7005
7012
7004
7023
7012
7017
7051
7024
7009
7004
6982
7001
0
0
0
0
0
0
0
0
0
0
6974
6975
6969
6959
6966
6975
6979
6966
6999
6997
7004
7022
7033
7026
7016
7021
7007
7028
7033
7017
7010
7010
7007
6999
7007
7008
7056
7031
7014
6976
0
0
0
0
0
0
0
0
0
0
7017
7021
7003
6989
6990
6959
6961
6998
7038
7021
7011
7017
7000
7011
7007
6995
7001
7011
7002
7015
7020
7039
7045
7017
7023
7015
6995
6985
7009
7013
0
0
0
0
0
0
0
0
0
0
7027
7012
7059
7060
7055
7069
7067
7064
7051
7044
7033
7044
7053
7078
7082
7058
7063
7064
7037
7043
7062
7047
7027
7038
7028
7026
7036
7047
7051
7055
0
0
0
0
0
0
0
0
0
0
7091
7104
7102
7096
7106
7094
7100
7110
7106
7116
7111
7121
7122
7109
7115
7102
7109
7066
7055
7062
7063
7089
7106
7109
7112
7108
7099
7097
7077
7059
0
0
0
0
0
0
0
0
0
0
7041
7030
7038
7034
7036
7034
7017
7041
7063
7064
7067
7076
7072
7052
7049
7035
7031
7054
7087
7095
7074
7064
7061
7049
7041
7065
7064
7073
7090
7082
0
0
0
0
0
0
0
0
0
0
7069
7063
7085
7088
7083
7069
7061
7044
7039
7028
7043
7037
7023
7008
7008
7022
7032
7045
7059
7048
7046
7028
7045
7045
7067
7067
7074
7084
7083
7077
0
0
0
0
0
0
0
0
0
0
7104
7063
7088
7076
7075
7072
7069
7078
7056
7066
7051
7038
7047
7030
7039
7026
7023
7023
6995
7001
7024
7002
7003
7018
6989
6987
6983
7016
7033
7057
0
0
0
0
0
0
0
0
0
0
7034
7033
7013
7039
7038
7031
7018
7009
6989
7012
7023
7020
7017
7026
7032
7033
7050
7057
7070
7060
7071
7075
7079
7061
7055
7060
7028
7049
7029
7042
0
0
0
0
0
0
0
0
0
0
7081
7084
7101
7108
7109
7159
7147
7157
7118
7126
7124
7123
7101
7105
7117
7133
7106
7092
7100
7076
7068
7050
7076
7070
7044
7030
7016
7040
7042
7039
0
0
0
0
0
0
0
0
0
0
7001
7001
7002
6988
7000
7006
6997
7008
7005
7016
7030
7021
7042
7048
7065
7073
7082
7059
7077
7073
7049
7034
7045
7050
7048
7066
7047
7046
7037
7027
0
0
0
0
0
0
0
0
0
0
7060
7057
7072
7056
7052
7041
7057
7067
7068
7044
7051
7052
7038
7036
7056
7053
7072
7043
7027
7019
7024
7011
7020
7010
7011
6995
6989
6994
7017
7004
0
0
0
0
0
0
0
0
0
0
6999
7023
7030
7045
7046
7049
7038
7039
7051
7045
7062
7078
7088
7094
7086
7083
7091
7060
7048
7069
7041
7040
7058
7061
7072
7067
7066
7067
7052
7031
0
0
0
0
0
0
0
0
0
0
6993
6977
6979
6964
6975
6974
6977
7006
7019
7017
7025
7027
7058
7072
7058
7078
7086
7097
7101
7101
7085
7081
7085
7083
7109
7107
7083
7060
7061
7062
0
0
0
0
0
0
0
0
0
0
7103
7102
7084
7053
7063
7103
7116
7116
7123
7103
7101
7096
7091
7062
7058
7053
7057
7059
7055
7043
7055
7068
7083
7074
7054
7056
7050
7064
7061
7044
0
0
0
0
0
0
0
0
0
0
7148
7143
7167
7172
7176
7156
7122
7156
7173
7166
7176
7176
7185
7185
7197
7195
7196
7194
7178
7161
7161
7139
7131
7138
7150
7161
7128
7131
7120
7136
0
0
0
0
0
0
0
0
0
0
7104
7101
7087
7125
7134
7140
7127
7140
7119
7093
7098
7097
7093
7070
7082
7078
7100
7093
7110
7124
7131
7129
7122
7121
7138
7142
7149
7131
7141
7136
0
0
0
0
0
0
0
0
0
0
7161
7150
7139
7119
7124
7118
7144
7154
7162
7171
7176
7168
7194
7196
7207
7244
7249
7238
7209
7220
7219
7228
7224
7224
7237
7228
7221
7205
7197
7198
0
0
0
0
0
0
0
0
0
0
7135
7153
7169
7154
7161
7166
7187
7197
7182
7173
7186
7179
7182
7214
7191
7185
7202
7211
7205
7215
7207
7191
7207
7202
7205
7182
7181
7196
7196
7213
0
0
0
0
0
0
0
0
0
0
7244
7236
7220
7236
7256
7248
7258
7254
7253
7241
7244
7240
7239
7237
7228
7232
7220
7225
7214
7210
7206
7238
7226
7221
7220
7195
7191
7171
7189
7184
0
0
0
0
0
0
0
0
0
0
7248
7261
7259
7263
7289
7302
7306
7298
7281
7254
7246
7263
7263
7254
7250
7266
7275
7262
7278
7254
7225
7254
7259
7255
7246
7230
7233
7258
7259
7273
0
0
0
0
0
0
0
0
0
0
7305
7313
7298
7309
7330
7353
7350
7356
7357
7363
7363
7328
7328
7345
7337
7322
7333
7349
7368
7367
7358
7370
7357
7353
7336
7333
7318
7337
7324
7323
0
0
0
0
0
0
0
0
0
0
7306
7333
7344
7337
7332
7347
7324
7332
7328
7301
7300
7298
7296
7314
7307
7305
7306
7301
7321
7324
7302
7288
7312
7305
7287
7306
7306
7312
7320
7322
0
0
0
0
0
0
0
0
0
0
7351
7334
7356
7349
7333
7320
7343
7346
7348
7328
7297
7316
7295
7308
7287
7269
7263
7258
7254
7265
7293
7286
7325
7308
7328
7314
7319
7314
7328
7342
0
0
0
0
0
0
0
0
0
0
7389
7370
7405
7397
7407
7407
7417
7404
7389
7392
7391
7392
7387
7409
7381
7379
7383
7357
7348
7325
7317
7298
7285
7265
7260
7252
7267
7278
7284
7270
0
0
0
0
0
0
0
0
0
0
7260
7273
7282
7279
7287
7278
7283
7284
7303
7312
7293
7297
7328
7331
7335
7349
7358
7358
7347
7352
7353
7354
7357
7353
7353
7355
7360
7338
7341
7343
0
0
0
0
0
0
0
0
0
0
7322
7350
7356
7369
7369
7350
7368
7366
7357
7376
7370
7360
7386
7392
7399
7394
7409
7379
7378
7374
7350
7353
7359
7364
7393
7393
7386
7419
7398
7409
0
0
0
0
0
0
0
0
0
0
7425
7423
7418
7396
7407
7414
7395
7427
7418
7416
7441
7453
7461
7464
7468
7465
7426
7434
7451
7432
7438
7435
7459
7451
7461
7466
7448
7436
7467
7443
0
0
0
0
0
0
0
0
0
0
7404
7385
7372
7359
7360
7374
7392
7383
7384
7387
7379
7404
7405
7399
7420
7427
7406
7437
7408
7390
7409
7418
7435
7425
7424
7420
7430
7461
7473
7478
0
0
0
0
0
0
0
0
0
0
7461
7444
7449
7447
7449
7450
7439
7440
7453
7461
7468
7469
7455
7480
7477
7469
7477
7477
7485
7485
7478
7483
7485
7521
7512
7496
7485
7475
7495
7491
0
0
0
0
0
0
0
0
0
0
7551
7543
7515
7493
7495
7497
7508
7509
7503
7495
7485
7478
7463
7475
7527
7531
7534
7525
7513
7524
7508
7501
7524
7553
7550
7551
7543
7564
7548
7566
0
0
0
0
0
0
0
0
0
0
7536
7557
7539
7543
7529
7516
7487
7510
7504
7485
7487
7501
7504
7539
7544
7545
7528
7542
7554
7549
7527
7542
7544
7540
7554
7562
7561
7559
7574
7562
0
0
0
0
0
0
0
0
0
0
7497
7495
7494
7481
7485
7497
7510
7498
7501
7504
7483
7468
7488
7463
7460
7482
7472
7468
7488
7501
7498
7520
7534
7535
7507
7499
7497
7500
7482
7513
0
0
0
0
0
0
0
0
0
0
7517
7526
7550
7561
7564
7584
7592
7599
7580
7548
7534
7537
7520
7543
7566
7577
7598
7567
7587
7594
7579
7546
7559
7547
7556
7558
7565
7557
7592
7591
0
0
0
0
0
0
0
0
0
0
7634
7630
7635
7622
7611
7582
7597
7593
7601
7573
7576
7565
7561
7563
7537
7529
7548
7584
7580
7585
7586
7597
7598
7624
7650
7678
7705
7702
7715
7696
0
0
0
0
0
0
0
0
0
0
7726
7710
7690
7678
7674
7666
7664
7668
7692
7690
7697
7731
7727
7724
7726
7726
7719
7736
7733
7720
7738
7740
7744
7727
7705
7710
7727
7715
7741
7721
0
0
0
0
0
0
0
0
0
0
7676
7673
7667
7674
7674
7656
7649
7639
7643
7624
7645
7647
7639
7629
7650
7668
7664
7657
7669
7668
7673
7661
7657
7664
7641
7663
7645
7637
7641
7620
0
0
0
0
0
0
0
0
0
0
7655
7657
7647
7664
7671
7686
7698
7727
7729
7727
7716
7724
7709
7719
7722
7725
7747
7726
7728
7748
7751
7738
7757
7745
7741
7729
7706
7703
7682
7708
0
0
0
0
0
0
0
0
0
0
7745
7752
7729
7722
7734
7748
7771
7799
7780
7767
7763
7747
7768
7789
7787
7791
7783
7794
7790
7807
7801
7818
7832
7830
7839
7823
7811
7816
7830
7818
0
0
0
0
0
0
0
0
0
0
7792
7810
7803
7796
7779
7793
7785
7794
7814
7810
7821
7811
7837
7822
7820
7829
7803
7819
7803
7825
7801
7812
7832
7850
7840
7863
7873
7874
7847
7844
0
0
0
0
0
0
0
0
0
0
7881
7876
7888
7869
7869
7855
7860
7856
7846
7837
7831
7832
7829
7823
7841
7834
7852
7858
7845
7865
7865
7858
7896
7887
7879
7880
7909
7935
7931
7926
0
0
0
0
0
0
0
0
0
0
7923
7906
7928
7932
7932
7940
7940
7952
7962
7969
7958
7971
7959
7944
7930
7941
7937
7965
7946
7950
7936
7936
7951
7951
7941
7922
7918
7915
7901
7920
0
0
0
0
0
0
0
0
0
0
7986
7987
7980
7992
8002
8013
8006
8024
8025
8011
8036
8057
8070
8047
8085
8084
8089
8135
8129
8136
8136
8166
8167
8181
8185
8218
8225
8229
8271
8271
0
0
0
0
0
0
0
0
0
0
8235
8263
8272
8257
8254
8259
8276
8245
8252
8253
8277
8295
8296
8298
8316
8330
8332
8373
8370
8397
8395
8408
8423
8407
8426
8415
8423
8411
8420
8400
0
0
0
0
0
0
0
0
0
0
8325
8309
8312
8278
8281
8282
8279
8279
8279
8275
8300
8308
8323
8297
8298
8284
8270
8289
8268
8275
8279
8280
8294
8298
8315
8349
8347
8354
8351
8360
0
0
0
0
0
0
0
0
0
0
8480
8493
8479
8467
8434
8426
8412
8402
8397
8422
8417
8406
8427
8415
8389
8388
8367
8362
8369
8379
8387
8399
8391
8423
8436
8441
8430
8464
8433
8457
0
0
0
0
0
0
0
0
0
0
8418
8448
8433
8398
8404
8409
8376
8379
8359
8350
8339
8379
8394
8397
8372
8391
8410
8399
8378
8380
8360
8345
8344
8317
8326
8325
8351
8347
8346
8347
0
0
0
0
0
0
0
0
0
0
8331
8362
8370
8370
8374
8318
8333
8337
8326
8357
8355
8351
8334
8331
8330
8323
8322
8330
8328
8337
8351
8362
8344
8338
8370
8352
8343
8334
8324
8311
0
0
0
0
0
0
0
0
0
0
8243
8264
8253
8250
8258
8252
8273
8282
8293
8295
8300
8307
8300
8319
8308
8298
8296
8319
8307
8319
8311
8330
8332
8322
8321
8305
8288
8282
8279
8245
0
0
0
0
0
0
0
0
0
0
8190
8184
8167
8158
8181
8182
8220
8200
8240
8255
8228
8218
8223
8219
8236
8228
8251
8263
8295
8269
8270
8294
8307
8298
8314
8280
8289
8260
8237
8260
0
0
0
0
0
0
0
0
0
0
8217
8218
8236
8222
8221
8240
8246
8258
8251
8246
8228
8228
8243
8279
8277
8282
8246
8281
8278
8281
8270
8247
8255
8231
8224
8234
8217
8231
8224
8229
0
0
0
0
0
0
0
0
0
0
8232
8222
8247
8251
8253
8274
8271
8293
8303
8306
8266
8267
8283
8303
8309
8282
8255
8247
8251
8268
8274
8282
8274
8272
8271
8254
8244
8240
8250
8246
0
0
0
0
0
0
0
0
0
0
8253
8274
8275
8278
8289
8287
8275
8263
8250
8257
8249
8249
8234
8234
8247
8282
8266
8259
8259
8271
8243
8249
8250
8258
8261
8271
8265
8288
8265
8271
0
0
0
0
0
0
0
0
0
0
8341
8333
8315
8328
8314
8321
8313
8337
8330
8330
8342
8333
8322
8323
8329
8310
8312
8302
8287
8286
8281
8321
8302
8332
8349
8360
8357
8354
8377
8379
0
0
0
0
0
0
0
0
0
0
8349
8336
8315
8307
8321
8321
8330
8303
8301
8339
8369
8357
8346
8338
8322
8340
8332
8326
8346
8401
8419
8420
8425
8398
8404
8385
8414
8403
8397
8380
0
0
0
0
0
0
0
0
0
0
8405
8413
8424
8411
8443
8416
8418
8423
8444
8447
8452
8435
8428
8451
8430
8426
8428
8430
8443
8451
8445
8424
8423
8428
8445
8466
8467
8460
8454
8452
0
0
0
0
0
0
0
0
0
0
8499
8510
8503
8486
8484
8481
8498
8486
8485
8476
8452
8431
8444
8438
8450
8479
8475
8474
8477
8477
8490
8490
8510
8504
8504
8497
8507
8522
8509
8554
0
0
0
0
0
0
0
0
0
0
8597
8623
8608
8617
8632
8643
8645
8659
8637
8655
8649
8659
8655
8661
8658
8667
8666
8659
8653
8651
8609
8618
8619
8623
8619
8614
8653
8645
8639
8658
0
0
0
0
0
0
0
0
0
0
8735
8723
8728
8746
8749
8733
8755
8749
8761
8768
8764
8773
8790
8777
8789
8802
8824
8827
8834
8808
8819
8824
8804
8817
8799
8803
8798
8784
8779
8760
0
0
0
0
0
0
0
0
0
0
8720
8736
8725
8735
8730
8737
8733
8769
8790
8809
8822
8832
8833
8840
8848
8849
8829
8824
8806
8826
8820
8819
8795
8792
8788
8795
8789
8789
8786
8777
0
0
0
0
0
0
0
0
0
0
8832
8838
8860
8883
8879
8857
8869
8859
8863
8867
8866
8856
8828
8821
8849
8841
8860
8833
8848
8853
8864
8843
8832
8836
8820
8817
8829
8837
8835
8833
0
0
0
0
0
0
0
0
0
0
8835
8847
8841
8857
8841
8852
8843
8846
8848
8852
8887
8883
8883
8857
8838
8831
8838
8845
8861
8865
8880
8885
8896
8877
8864
8857
8851
8872
8858
8837
0
0
0
0
0
0
0
0
0
0
8810
8800
8798
8799
8808
8816
8772
8776
8774
8782
8767
8758
8763
8747
8720
8719
8713
8712
8699
8709
8720
8725
8715
8698
8681
8732
8736
8718
8687
8708
0
0
0
0
0
0
0
0
0
0
