测量时间：20160724_16_38_52
操作人：3
插损：0dB
长度差：0m
折射率：1.45
9.422
9.887
9.184
9.459
9.398
9.443
9.273
8.52
9.502
9.321
9.33
9.306
9.315
9.297
9.277
9.295
9.299
9.352
9.341
9.33
9.331
9.351
9.345
9.325
9.307
9.306
9.319
9.329
9.315
9.29
9.287
9.285
9.26
9.281
9.246
9.242
9.201
9.191
9.182
9.154
9.137
9.141
9.17
9.165
9.143
9.137
9.141
9.127
9.135
9.12
9.105
9.139
9.116
9.114
9.109
9.133
9.144
9.146
9.148
9.151
9.144
9.143
9.143
9.137
9.13
9.125
9.174
9.176
9.189
9.158
9.156
9.184
9.195
9.188
9.185
9.175
9.188
9.22
9.204
9.186
9.182
9.18
9.19
9.2
9.191
9.175
9.171
9.16
9.196
9.182
9.174
9.172
9.189
9.181
9.185
9.172
9.139
9.119
9.129
9.115
9.113
9.109
9.106
9.099
9.075
9.085
9.085
9.084
9.053
9.027
9.026
9.014
9.029
9.018
8.985
9.012
9.015
9.027
9.031
9.025
9.023
9.016
9.025
8.995
8.971
8.967
8.976
9.01
9.024
9.009
9.001
9
9.012
9.065
9.031
9.068
9.056
9.061
9.061
9.061
9.06
9.072
9.098
9.119
9.106
9.082
9.098
9.085
9.092
9.095
9.064
9.053
9.029
9.034
9.012
9.005
8.974
8.996
8.991
8.988
8.964
8.966
8.945
8.956
8.957
8.943
8.945
8.921
8.921
8.943
8.938
8.929
8.939
8.935
8.932
8.955
8.909
8.898
8.894
8.895
8.885
8.894
8.889
8.89
8.877
8.869
8.901
8.909
8.891
8.884
8.881
8.869
8.864
8.863
8.838
8.859
8.852
8.867
8.866
8.876
8.863
8.856
8.861
8.887
8.902
8.884
8.855
8.866
8.848
8.841
8.848
8.86
8.873
8.895
8.891
8.932
8.908
8.906
8.899
8.88
8.876
8.875
8.854
8.81
8.832
8.849
8.859
8.89
8.898
8.899
8.886
8.848
8.873
8.881
8.844
8.848
8.864
8.879
8.902
8.899
8.902
8.901
8.904
8.894
8.893
8.883
8.875
8.879
8.885
8.865
8.899
8.875
8.863
8.874
8.876
8.854
8.85
8.867
8.854
8.86
8.864
8.891
8.885
8.873
8.866
8.865
8.887
8.876
8.92
8.909
8.902
8.905
8.912
8.919
8.926
8.911
8.879
8.904
8.904
8.857
8.854
8.876
8.886
8.863
8.866
8.842
8.838
8.821
8.838
8.845
8.842
8.832
8.81
8.81
8.815
8.822
8.82
8.822
8.873
8.85
8.85
8.861
8.894
8.896
8.898
8.901
8.901
8.898
8.877
8.901
8.912
8.908
8.912
8.922
8.936
8.926
8.896
8.898
8.93
8.915
8.904
8.904
8.902
8.931
8.934
8.919
8.915
8.939
8.929
8.931
8.957
8.925
8.92
8.926
8.95
8.977
8.981
8.976
8.975
8.974
8.982
8.98
8.934
8.918
8.938
8.929
8.925
8.926
8.921
8.938
8.973
8.984
8.964
8.955
8.96
8.953
8.961
8.953
8.93
8.95
8.964
8.96
8.974
8.985
8.996
9.002
8.992
8.991
8.982
8.965
8.97
8.992
9
8.992
9.001
8.992
8.973
9.004
8.966
8.961
8.976
8.985
8.99
9.012
9.006
8.977
8.995
8.992
9.005
8.989
8.975
8.966
8.929
8.938
8.939
8.947
8.943
8.949
8.94
8.957
8.931
8.91
8.88
8.889
8.925
8.909
8.908
8.916
8.919
8.931
8.93
8.969
8.977
8.99
9.009
9.019
9.016
9.021
9.024
9.049
9.05
9.065
9.069
9.063
9.061
9.063
9.054
9.05
9.02
9.025
8.998
8.967
8.977
8.982
8.95
8.947
8.945
8.946
8.953
8.956
8.946
8.94
8.961
8.979
8.981
8.988
9.029
9.06
9.054
9.079
9.1
9.099
9.079
9.12
9.135
9.126
9.115
9.116
9.121
9.129
9.102
9.088
9.084
9.092
9.101
9.065
9.059
9.066
9.041
9.027
9.011
9.036
9.02
9.018
9.034
9.044
9.047
9.049
9.068
9.098
9.098
9.104
9.105
9.099
9.104
9.1
9.09
9.117
9.133
9.136
9.124
9.099
9.113
9.126
9.114
9.086
9.081
9.066
9.071
9.071
9.053
9.04
9.012
9.006
9.012
9.02
9.011
9.006
9.006
9.011
9.025
9.001
8.986
8.984
9.008
9
8.994
8.976
8.981
8.966
8.957
8.964
8.956
8.946
8.938
8.934
8.912
8.87
8.852
8.856
8.848
8.836
8.829
8.816
8.814
8.799
8.76
8.727
8.739
8.752
8.752
8.751
8.746
8.76
8.774
8.777
8.781
8.795
8.793
8.795
8.795
8.786
8.744
8.755
8.765
8.809
8.809
8.795
8.781
8.814
8.83
8.82
8.803
8.786
8.783
8.796
8.756
8.764
8.756
8.746
8.742
8.741
8.721
8.714
8.7
8.682
8.666
8.658
8.636
8.614
8.62
8.609
8.57
8.553
8.551
8.576
8.561
8.588
8.588
8.606
8.626
8.621
8.598
8.589
8.62
8.631
8.641
8.62
8.591
8.605
8.609
8.611
8.619
8.619
8.615
8.623
8.599
8.592
8.585
8.591
8.596
8.6
8.607
8.596
8.604
8.591
8.568
8.588
8.561
8.55
8.576
8.584
8.574
8.578
8.565
8.566
8.568
8.549
8.545
8.55
8.574
8.561
8.551
8.537
8.531
8.554
8.526
8.553
8.531
8.537
8.525
8.545
8.533
8.545
8.536
8.511
8.5
8.496
8.488
8.469
8.449
8.454
8.429
8.446
8.456
8.492
8.469
8.491
8.481
8.477
8.471
8.485
8.484
8.475
8.505
8.525
8.524
8.516
8.511
8.531
8.535
8.564
8.549
8.545
8.535
8.545
8.544
8.539
8.55
8.535
8.529
8.511
8.498
8.508
8.508
8.512
8.515
8.526
8.529
8.499
8.489
8.485
8.479
8.476
8.477
8.467
8.466
8.467
8.444
8.431
8.409
8.422
8.405
8.387
8.396
8.404
8.404
8.402
8.421
8.435
8.447
8.453
8.46
8.45
8.461
8.443
8.432
8.454
8.461
8.479
8.482
8.49
8.499
8.491
8.481
8.477
8.489
8.463
8.469
8.453
8.445
8.42
8.41
8.386
8.426
8.429
8.422
8.424
8.431
8.431
8.425
8.428
8.42
8.424
8.42
8.425
8.455
8.453
8.459
8.455
8.475
8.485
8.519
8.506
8.506
8.535
8.545
8.527
8.526
8.527
8.544
8.543
8.539
8.537
8.521
8.523
8.51
8.51
8.504
8.501
8.499
8.512
8.52
8.526
8.511
8.504
8.524
8.525
8.52
8.511
8.537
8.536
8.543
8.545
8.557
8.563
8.55
8.57
8.569
8.57
8.546
8.54
8.531
8.531
8.527
8.527
8.516
8.518
8.516
8.498
8.501
8.498
8.473
8.475
8.45
8.466
8.453
8.45
8.446
8.443
8.47
8.486
8.48
8.484
8.481
8.496
8.492
8.492
8.49
8.488
8.476
8.505
8.496
8.515
8.508
8.527
8.533
8.539
8.551
8.527
8.529
8.531
8.536
8.535
8.533
8.529
8.526
8.526
8.533
8.55
8.551
8.563
8.57
8.591
8.574
8.581
8.581
8.578
8.57
8.555
8.563
8.557
8.568
8.569
8.58
8.609
8.613
8.607
8.602
8.595
8.586
8.592
8.58
8.578
8.581
8.595
8.617
8.617
8.617
8.61
8.614
8.607
8.596
8.627
8.601
8.609
8.607
8.606
8.615
8.601
8.598
8.611
8.617
8.613
8.606
8.595
8.6
8.598
8.602
8.605
8.615
8.631
8.595
8.607
8.6
8.599
8.602
8.613
8.625
8.617
8.609
8.624
8.619
8.609
8.606
8.596
8.614
8.625
8.607
8.595
8.584
8.596
8.598
8.601
8.61
8.643
8.631
8.643
8.651
8.659
8.646
8.65
8.655
8.649
8.659
8.62
8.635
8.656
8.646
8.649
8.658
8.649
8.658
8.661
8.627
8.646
8.614
8.619
8.626
8.629
8.623
8.625
8.624
8.6
8.641
8.625
8.637
8.652
8.67
8.643
8.666
8.654
8.636
8.626
8.631
8.671
8.669
8.627
8.643
8.655
8.654
8.66
8.699
8.688
8.681
8.672
8.689
8.7
8.711
8.68
8.681
8.705
8.716
8.688
8.665
8.671
8.691
8.67
8.674
8.678
8.675
8.67
8.678
8.696
8.691
8.684
8.66
8.676
8.684
8.679
8.664
8.665
8.679
8.682
8.675
8.691
8.697
8.701
8.69
8.696
8.685
8.676
8.681
8.691
8.695
8.7
8.691
8.693
8.672
8.691
8.695
8.682
8.688
8.693
8.666
8.685
8.68
8.681
8.675
8.689
8.688
8.67
8.661
8.65
8.629
8.611
8.624
8.661
8.656
8.655
8.664
8.664
8.635
8.669
8.646
8.626
8.637
8.644
8.635
8.615
8.62
8.599
8.627
8.648
8.679
8.668
8.654
8.65
8.656
8.668
8.668
8.701
8.693
8.7
8.713
8.676
8.679
8.668
8.685
8.672
8.714
8.693
8.661
8.643
8.649
8.668
8.672
8.697
8.682
8.69
8.715
8.726
8.73
8.745
8.784
8.78
8.803
8.825
8.848
8.848
8.846
8.875
8.884
8.876
8.854
8.85
8.818
8.824
8.841
8.809
8.777
8.79
8.776
8.773
8.774
8.735
8.729
8.714
8.688
8.689
8.685
8.686
8.691
8.732
8.746
8.755
8.751
8.705
8.709
8.726
8.719
8.719
8.727
8.734
8.766
8.766
8.769
8.765
8.766
8.774
8.77
8.77
8.751
8.77
8.779
8.784
8.816
8.832
8.836
8.821
8.82
8.796
8.805
8.803
8.79
8.79
8.809
8.805
8.804
8.814
8.807
8.806
8.779
8.761
8.769
8.773
8.746
8.748
8.755
8.755
8.777
8.754
8.758
8.751
8.75
8.745
8.749
8.723
8.696
8.697
8.68
8.685
8.689
8.676
8.685
8.695
8.701
8.726
8.727
8.734
8.745
8.738
8.745
8.744
8.732
8.727
8.771
8.794
8.769
8.789
8.79
8.769
8.77
8.723
8.742
8.72
8.691
8.689
8.665
8.664
8.685
8.68
8.664
8.68
8.684
8.655
8.65
8.676
8.668
8.664
8.688
8.693
8.725
8.73
8.754
8.756
8.756
8.75
8.745
8.721
8.729
8.726
8.739
8.741
8.769
8.771
8.77
8.787
8.794
8.796
8.793
8.797
8.771
8.765
8.768
8.764
8.773
8.776
8.789
8.794
8.819
8.79
8.809
8.793
8.801
8.803
8.787
8.795
8.801
8.819
8.804
8.814
8.824
8.822
8.838
8.841
8.851
8.844
8.832
8.845
8.851
8.832
8.828
8.804
8.811
8.818
8.821
8.805
8.796
8.776
8.738
8.735
8.732
8.725
8.727
8.725
8.724
8.732
8.732
8.745
8.74
8.748
8.761
8.754
8.716
8.68
8.68
8.679
8.705
8.73
8.723
8.705
8.71
8.716
8.696
8.701
8.716
8.694
8.671
8.678
8.67
8.674
8.689
8.715
8.726
8.724
8.723
8.717
8.735
8.734
8.761
8.756
8.755
8.773
8.775
8.752
8.758
8.768
8.779
8.78
8.781
8.77
8.765
8.764
8.749
8.745
8.759
8.759
8.76
8.76
8.759
8.759
8.775
8.77
8.795
8.806
8.819
8.809
8.821
8.819
8.79
8.785
8.789
8.815
8.811
8.805
8.793
8.771
8.758
8.751
8.771
8.749
8.726
8.711
8.699
8.704
8.686
8.705
8.681
8.713
8.73
8.741
8.732
8.735
8.729
8.752
8.773
8.748
8.768
8.755
8.755
8.783
8.789
8.796
8.794
8.813
8.797
8.82
8.795
8.801
8.799
8.804
8.815
8.821
8.799
8.777
8.828
8.816
8.793
8.795
8.801
8.79
8.769
8.756
8.756
8.748
8.75
8.774
8.766
8.766
8.766
8.773
8.762
8.768
8.786
8.735
8.764
8.785
8.794
8.78
8.786
8.804
8.813
8.813
8.824
8.835
8.84
8.84
8.831
8.832
8.818
8.838
8.839
8.826
8.874
8.851
8.86
8.865
8.88
8.852
8.871
8.864
8.875
8.863
8.829
8.834
8.835
8.82
8.816
8.81
8.8
8.779
8.805
8.797
8.797
8.79
8.797
8.797
8.821
8.791
8.804
8.797
8.777
8.801
8.789
8.783
8.796
8.799
8.799
8.797
8.828
8.81
8.783
8.768
8.762
8.761
8.748
8.751
8.769
8.723
8.731
8.764
8.754
8.758
8.774
8.776
8.776
8.779
8.755
8.758
8.762
8.81
8.832
8.838
8.816
8.804
8.793
8.756
8.799
8.793
8.779
8.791
8.78
8.774
8.78
8.781
8.771
8.797
8.777
8.786
8.754
8.758
8.761
8.76
8.777
8.79
8.835
8.841
8.821
8.829
8.82
8.839
8.857
8.85
8.855
8.875
8.873
8.874
8.831
8.793
8.776
8.746
8.775
8.783
8.765
8.777
8.761
8.785
8.752
8.752
8.771
8.793
8.797
8.786
8.8
8.795
8.813
8.884
8.925
8.928
8.988
8.963
8.949
8.921
8.89
8.873
8.879
8.906
8.877
8.81
8.761
8.801
8.852
8.83
8.807
8.795
8.756
8.76
8.787
8.745
8.748
8.76
8.799
8.799
8.838
8.82
8.828
8.887
8.926
8.94
8.904
8.845
8.85
8.879
8.905
8.908
8.9
8.91
8.906
8.895
8.929
8.924
8.896
8.859
8.856
8.849
8.819
8.81
8.824
8.836
8.851
8.814
8.834
8.806
8.796
8.839
8.803
8.789
8.749
8.716
8.721
8.716
8.736
8.704
8.707
8.713
8.724
8.707
8.69
8.671
8.685
8.665
8.655
8.681
8.644
8.616
8.637
8.681
8.658
8.668
8.707
8.669
8.732
8.719
8.726
8.726
8.711
8.729
8.775
8.791
8.799
8.762
8.746
8.746
8.806
8.826
8.83
8.84
8.8
8.8
8.852
8.824
8.825
8.78
8.784
8.787
8.766
8.774
8.769
8.735
8.785
8.791
8.825
8.794
8.78
8.761
8.773
8.803
8.805
8.786
8.796
8.813
8.879
8.871
8.871
8.906
8.877
8.884
8.915
8.916
8.932
8.904
8.916
8.904
8.928
8.939
8.924
8.92
8.921
8.898
8.941
8.911
8.934
8.936
8.92
8.89
8.894
8.905
8.912
8.898
8.902
8.899
8.902
8.912
8.896
8.949
8.95
8.982
8.99
8.941
8.963
8.941
8.938
8.918
9
9
8.974
8.964
8.96
8.954
8.961
8.966
8.998
9.054
9.018
9.014
8.932
8.946
8.95
8.955
8.964
8.93
8.944
8.885
8.893
8.909
8.911
8.926
8.926
8.912
8.912
8.894
8.844
8.85
8.842
8.893
8.865
8.905
8.875
8.852
8.88
8.881
8.856
8.838
8.831
8.848
8.8
8.8
8.8
8.813
8.79
8.791
8.787
8.801
8.803
8.807
8.765
8.768
8.801
8.829
8.82
8.832
8.814
8.828
8.8
8.832
8.845
8.886
8.908
8.924
8.931
8.928
8.924
8.956
8.974
8.974
8.999
8.985
9.008
9.044
9.06
9.11
9.065
9.072
9.088
9.064
9.019
8.971
8.964
8.955
8.965
8.989
8.95
8.949
8.944
8.918
8.92
8.849
8.822
8.838
8.803
8.835
8.839
8.801
8.814
8.821
8.836
8.826
8.821
8.793
8.801
8.804
8.794
8.796
8.794
8.805
8.839
8.846
8.82
8.832
8.829
8.861
8.9
8.904
8.867
8.81
8.839
8.864
8.873
8.842
8.829
8.87
8.871
8.884
8.885
8.908
8.887
8.851
8.855
8.857
8.844
8.781
8.774
8.826
8.854
8.824
8.834
8.844
8.845
8.864
8.816
8.826
8.849
8.828
8.799
8.791
8.84
8.839
8.83
8.81
8.844
8.795
8.78
8.781
8.761
8.736
8.735
8.779
8.776
8.799
8.793
8.78
8.776
8.783
8.801
8.768
8.768
8.78
8.795
8.809
8.839
8.876
8.902
8.944
8.957
8.957
8.908
8.911
8.904
8.904
8.877
8.893
8.887
8.899
8.93
8.945
8.973
8.956
8.977
8.956
8.914
8.875
8.866
8.85
8.84
8.807
8.811
8.806
8.845
8.85
8.855
8.848
8.825
8.81
8.786
8.756
8.731
8.705
8.746
8.716
8.735
8.731
8.697
8.704
8.746
8.775
8.821
8.795
8.804
8.785
8.799
8.775
8.813
8.816
8.785
8.783
8.785
8.785
8.865
8.871
8.91
8.956
8.959
8.977
8.94
8.889
8.876
8.889
8.901
8.918
8.943
8.915
8.894
8.922
8.963
8.995
8.992
8.944
8.916
8.873
8.822
8.775
8.754
8.76
8.789
8.786
8.776
8.774
8.748
8.745
8.738
8.755
8.734
8.725
8.7
8.731
8.729
8.769
8.765
8.83
8.879
8.861
8.855
8.83
8.851
8.841
8.839
8.844
8.849
8.877
8.864
8.883
8.886
8.914
8.885
8.884
8.895
8.91
8.879
8.895
8.911
8.918
8.89
8.866
8.854
8.867
8.873
8.875
8.842
8.863
8.852
8.866
8.824
8.824
8.83
8.814
8.816
8.805
8.787
8.774
8.764
8.799
8.825
8.811
8.795
8.76
8.777
8.779
8.786
8.813
8.791
8.803
8.845
8.85
8.863
8.895
8.9
8.932
8.95
8.964
8.966
8.941
8.967
8.99
9.05
9.037
9.053
9.047
9.029
8.979
8.975
8.936
8.949
8.944
8.901
8.938
8.905
8.89
8.931
8.924
8.919
8.916
8.896
8.893
8.883
8.886
8.89
8.924
8.97
8.971
8.969
8.951
8.928
8.926
8.909
8.938
8.977
8.936
8.924
8.93
8.95
8.921
8.922
8.925
8.951
8.939
8.918
8.902
8.901
8.911
8.912
8.935
8.916
8.939
8.911
8.844
8.861
8.876
8.884
8.88
8.912
8.901
8.893
8.864
8.886
8.898
8.918
8.891
8.88
8.88
8.898
8.881
8.89
8.879
8.947
8.921
8.932
8.96
8.947
8.964
8.988
9.004
9.009
8.986
8.981
8.96
8.985
8.989
8.969
8.996
9.031
8.992
8.966
8.943
8.931
8.945
8.915
8.905
8.947
8.904
8.871
8.911
8.912
8.883
8.909
8.918
8.902
8.93
8.889
8.904
8.9
8.935
8.921
8.938
8.926
8.898
8.916
8.841
8.866
8.895
8.861
8.908
8.963
8.973
8.992
9.006
9.009
9.002
8.989
8.97
9.006
9.023
9.012
9.015
9.044
9.05
9.065
9.053
9.019
9.018
8.98
8.95
8.938
8.918
8.915
8.945
8.949
8.918
8.945
8.918
8.881
8.893
8.883
8.863
8.831
8.839
8.836
8.905
8.898
8.91
8.881
8.883
8.879
8.886
8.844
8.819
8.877
8.876
8.842
8.836
8.838
8.857
8.855
8.88
8.884
8.935
8.896
8.943
8.95
8.98
9.019
9.025
9.021
9.045
9.055
9.029
9.044
9.101
9.145
9.115
9.055
9.079
9.08
9.078
9.04
9.08
9.039
9.033
9.034
8.996
9.005
8.994
8.98
8.988
9.031
9.02
8.971
8.974
9.009
9.076
9.111
9.11
9.109
9.13
9.102
9.075
9.03
9.034
9.01
8.999
9.019
9.029
9.039
9.002
8.98
9.006
9.01
9.033
9.006
8.971
8.989
8.965
8.944
8.904
8.934
8.945
8.982
9.01
9.024
9.016
9.01
9.014
8.995
9.011
9.001
8.995
8.967
8.98
8.988
8.97
9.011
9.03
9.059
9.061
9.09
9.044
9.011
9.001
9.006
9.043
9.039
9.056
9.066
9.075
9.074
9.094
9.078
9.072
9.106
9.089
9.064
9.074
9.071
9.076
9.102
9.134
9.13
9.146
9.106
9.121
9.123
9.11
9.11
9.105
9.089
9.114
9.115
9.066
9.037
8.991
8.995
9.002
9.019
8.995
8.991
8.999
8.985
8.955
8.92
8.924
8.945
8.946
8.955
8.95
8.984
8.977
8.975
9.061
9.101
9.091
9.081
9.06
9.1
9.101
9.094
9.092
9.125
9.152
9.169
9.194
9.204
9.169
9.174
9.107
9.114
9.136
9.056
9.082
9.088
9.07
9.088
9.047
9.039
9.012
9.014
9.015
8.994
8.979
8.932
8.961
8.996
9
9.068
9.064
9.056
9.034
9.015
8.989
8.969
8.956
8.99
8.998
9.036
9.044
9.072
9.094
9.125
9.115
9.081
9.095
9.113
9.02
9.004
9.033
9.088
9.055
9.054
9.134
9.136
9.141
9.146
9.15
9.155
9.127
9.14
9.123
9.151
9.135
9.154
9.143
9.229
9.227
9.213
9.217
9.275
9.341
9.309
9.281
9.25
9.252
9.232
9.226
9.226
9.229
9.219
9.226
9.238
9.216
9.216
9.189
9.186
9.186
9.221
9.227
9.203
9.181
9.239
9.245
9.227
9.244
9.254
9.262
9.255
9.249
9.242
9.279
9.276
9.305
9.31
9.336
9.321
9.315
9.281
9.285
9.306
9.274
9.273
9.293
9.295
9.318
9.315
9.313
9.324
9.279
9.256
9.239
9.181
9.161
9.18
9.188
9.171
9.17
9.165
9.178
9.194
9.197
9.206
9.189
9.154
9.169
9.174
9.17
9.215
9.251
9.266
9.299
9.285
9.27
9.264
9.289
9.297
9.304
9.273
9.268
9.283
9.276
9.3
9.314
9.291
9.286
9.279
9.254
9.213
9.223
9.249
9.266
9.27
9.3
9.261
9.241
9.216
9.239
9.245
9.232
9.231
9.225
9.209
9.213
9.194
9.197
9.225
9.203
9.188
9.158
9.161
9.166
9.156
9.174
9.162
9.184
9.197
9.133
9.124
9.115
9.107
9.115
9.113
9.099
9.106
9.09
9.146
9.16
9.133
9.135
9.127
9.115
9.134
9.171
9.169
9.145
9.195
9.213
9.217
9.227
9.244
9.249
9.304
9.293
9.32
9.287
9.319
9.391
9.385
9.361
9.367
9.341
9.313
9.316
9.303
9.33
9.32
9.322
9.331
9.307
9.31
9.295
9.326
9.314
9.348
9.32
9.271
9.274
9.299
9.316
9.29
9.313
9.307
9.326
9.324
9.313
9.303
9.316
9.32
9.294
9.286
9.266
9.264
9.229
9.238
9.265
9.264
9.28
9.305
9.326
9.324
9.32
9.325
9.313
9.325
9.336
9.322
9.325
9.326
9.326
9.318
9.319
9.289
9.273
9.262
9.217
9.207
9.159
9.148
9.149
9.134
9.144
9.13
9.152
9.152
9.141
9.141
9.189
9.194
9.191
9.181
9.215
9.246
9.291
9.328
9.325
9.329
9.331
9.359
9.373
9.36
9.376
9.369
9.339
9.318
9.311
9.286
9.266
9.277
9.3
9.326
9.256
9.216
9.248
9.248
9.216
9.2
9.175
9.169
9.165
9.16
9.145
9.168
9.189
9.204
9.241
9.26
9.271
9.285
9.259
9.291
9.314
9.293
9.252
9.304
9.314
9.328
9.345
9.354
9.357
9.364
9.408
9.425
9.39
9.357
9.357
9.334
9.311
9.275
9.256
9.223
9.238
9.291
9.28
9.296
9.297
9.295
9.307
9.291
9.287
9.273
9.259
9.293
9.313
9.355
9.373
9.373
9.412
9.444
9.428
9.416
9.404
9.402
9.415
9.405
9.428
9.389
9.404
9.376
9.369
9.371
9.369
9.346
9.307
9.301
9.328
9.345
9.35
9.352
9.311
9.314
9.326
9.33
9.328
9.318
9.345
9.336
9.385
9.375
9.38
9.398
9.374
9.37
9.366
9.38
9.359
9.384
9.401
9.444
9.46
9.45
9.441
9.422
9.421
9.41
9.424
9.408
9.411
9.405
9.389
9.42
9.443
9.456
9.438
9.456
9.424
9.434
9.406
9.393
9.379
9.336
9.39
9.374
9.426
9.421
9.426
9.451
9.456
9.469
9.498
9.485
9.485
9.499
9.482
9.47
9.461
9.488
9.498
9.484
9.526
9.498
9.523
9.484
9.494
9.445
9.426
9.391
9.342
9.321
9.311
9.318
9.297
9.301
9.342
9.339
9.324
9.351
9.387
9.376
9.379
9.375
9.389
9.377
9.426
9.432
9.459
9.494
9.471
9.48
9.481
9.451
9.455
9.451
9.445
9.463
9.406
9.419
9.432
9.39
9.367
9.355
9.354
9.383
9.379
9.393
9.371
9.419
9.421
9.411
9.435
9.41
9.434
9.447
9.453
9.439
9.425
9.421
9.446
9.464
9.46
9.441
9.412
9.39
9.371
9.398
9.383
9.359
9.365
9.359
9.398
9.36
9.352
9.37
9.405
9.395
9.37
9.351
9.341
9.396
9.414
9.44
9.459
9.476
9.445
9.434
9.432
9.436
9.443
9.444
9.435
9.441
9.436
9.447
9.457
9.504
9.544
9.561
9.49
9.543
9.52
9.49
9.541
9.569
9.582
9.613
9.61
9.613
9.607
9.625
9.633
9.65
9.639
9.631
9.66
9.661
9.664
9.717
9.668
9.699
9.727
9.679
9.67
9.646
9.648
9.626
9.658
9.648
9.61
9.6
9.584
9.572
9.582
9.516
9.526
9.524
9.508
9.51
9.474
9.485
9.524
9.551
9.554
9.547
9.535
9.486
9.479
9.484
9.484
9.473
9.523
9.543
9.564
9.541
9.554
9.543
9.547
9.502
9.498
9.474
9.426
9.438
9.436
9.492
9.515
9.524
9.571
9.574
9.574
9.512
9.5
9.49
9.504
9.495
9.461
9.46
9.509
9.523
9.506
9.547
9.515
9.519
9.509
9.537
9.545
9.53
9.543
9.541
9.58
9.554
9.565
9.544
9.557
9.59
9.55
9.539
9.52
9.508
9.496
9.537
9.564
9.543
9.515
9.51
9.505
9.495
9.471
9.461
9.484
9.511
9.574
9.563
9.557
9.602
9.636
9.617
9.63
9.641
9.645
9.661
9.671
9.697
9.704
9.719
9.72
9.756
9.751
9.777
9.742
9.704
9.669
9.681
9.649
9.613
9.636
9.669
9.666
9.668
9.606
9.61
9.568
9.544
9.531
9.533
9.534
9.541
9.499
9.521
9.519
9.54
9.554
9.589
9.646
9.644
9.623
9.609
9.576
9.6
9.588
9.582
9.607
9.599
9.626
9.582
9.591
9.614
9.644
9.645
9.659
9.621
9.625
9.582
9.596
9.595
9.61
9.629
9.648
9.656
9.703
9.754
9.768
9.756
9.785
9.781
9.783
9.745
9.751
9.761
9.785
9.771
9.784
9.776
9.777
9.776
9.793
9.818
9.821
9.765
9.669
9.67
9.696
9.69
9.688
9.688
9.69
9.686
9.688
9.686
9.696
9.669
9.688
9.731
9.701
9.678
9.639
9.661
9.734
9.785
9.82
9.8
9.818
9.821
9.826
9.797
9.836
9.836
9.807
9.781
9.804
9.803
9.773
9.81
9.86
9.816
9.806
9.731
9.729
9.693
9.691
9.675
9.71
9.681
9.703
9.668
9.637
9.716
9.748
9.784
9.742
9.734
9.731
9.714
9.76
9.76
9.806
9.822
9.857
9.842
9.863
9.816
9.84
9.856
9.883
9.914
9.856
9.899
9.867
9.866
9.874
9.824
9.822
9.807
9.804
9.769
9.734
9.707
9.738
9.787
9.796
9.805
9.816
9.79
9.803
9.809
9.765
9.793
9.829
9.783
9.874
9.856
9.879
9.887
9.921
9.971
9.967
9.957
9.91
9.916
9.906
9.92
9.926
9.93
9.96
9.964
9.956
9.951
9.996
9.967
9.967
9.966
9.945
9.945
9.867
9.839
9.797
9.799
9.81
9.857
9.835
9.829
9.864
9.845
9.851
9.85
9.856
9.822
9.84
9.852
9.844
9.893
9.898
9.961
9.995
10.06
10.09
10.08
10.02
10.01
10.01
9.96
9.961
9.966
9.985
10.02
10.05
10.07
10.11
10.13
10.11
10.12
10.12
10.11
10.1
10.07
10.07
10.11
10.13
10.13
10.14
10.16
10.18
10.18
10.13
10.13
10.1
10.08
10.08
10.07
10.08
10.09
10.09
10.05
10.05
10.06
10.08
10.08
10.08
10.06
10.04
10.04
10
10.03
9.996
10
9.98
9.966
9.998
9.981
10.01
10.02
10.11
10.15
10.21
10.21
10.21
10.22
10.23
10.27
10.24
10.25
10.25
10.29
10.34
10.38
10.4
10.37
10.37
10.36
10.35
10.33
10.31
10.31
10.29
10.26
10.27
10.31
10.3
10.35
10.36
10.39
10.42
10.39
10.38
10.36
10.39
10.41
10.41
10.44
10.43
10.43
10.39
10.36
10.4
10.42
10.4
10.4
10.38
10.43
10.44
10.42
10.4
10.4
10.45
10.42
10.41
10.41
10.39
10.35
10.39
10.41
10.48
10.48
10.48
10.52
10.52
10.52
10.48
10.45
10.46
10.49
10.52
10.5
10.53
10.55
10.55
10.58
10.6
10.53
10.52
10.49
10.5
10.46
10.49
10.5
10.48
10.5
10.53
10.53
10.51
10.49
10.47
10.47
10.45
10.43
10.39
10.37
10.39
10.39
10.38
10.37
10.44
10.38
10.39
10.41
10.39
10.39
10.38
10.4
10.37
10.37
10.36
10.34
10.33
10.38
10.42
10.46
10.46
10.46
10.45
10.42
10.41
10.4
10.43
10.44
10.43
10.47
10.45
10.48
10.47
10.44
10.46
10.5
10.53
10.52
10.51
10.55
10.54
10.52
10.56
10.57
10.54
10.54
10.53
10.52
10.5
10.52
10.49
10.56
10.59
10.58
10.59
10.56
10.56
10.56
10.53
10.51
10.55
10.49
10.49
10.52
10.47
10.46
10.48
10.46
10.5
10.52
10.47
10.46
10.47
10.49
10.49
10.5
10.54
10.51
10.5
10.5
10.52
10.52
10.55
10.58
10.59
10.63
10.63
10.62
10.63
10.61
10.61
10.61
10.59
10.62
10.61
10.57
10.61
10.64
10.63
10.67
10.66
10.62
10.66
10.65
10.58
10.62
10.59
10.6
10.67
10.68
10.7
10.66
10.64
10.63
10.66
10.64
10.65
10.64
10.57
10.57
10.58
10.58
10.58
10.61
10.6
10.64
10.62
10.61
10.61
10.59
10.61
10.6
10.61
10.61
10.62
10.61
10.62
10.65
10.68
10.7
10.66
10.67
10.69
10.65
10.64
10.63
10.59
10.58
10.58
10.62
10.62
10.61
10.56
10.55
10.55
10.54
10.54
10.51
10.52
10.52
10.52
10.54
10.54
10.52
10.56
10.56
10.54
10.5
10.46
10.46
10.46
10.47
10.47
10.47
10.51
10.48
10.46
10.44
10.45
10.43
10.41
10.42
10.43
10.43
10.44
10.48
10.49
10.49
10.48
10.46
10.46
10.46
10.45
10.46
10.48
10.5
10.49
10.5
10.53
10.5
10.51
10.49
10.46
10.5
10.5
10.53
10.56
10.61
10.64
10.64
10.63
10.64
10.63
10.62
10.63
10.59
10.57
10.54
10.58
10.57
10.53
10.53
10.48
10.49
10.45
10.42
10.37
10.36
10.33
10.29
10.29
10.26
10.3
10.28
10.35
10.34
10.34
10.31
10.34
10.38
10.39
10.38
10.37
10.44
10.39
10.4
10.4
10.46
10.49
10.48
10.52
10.47
10.52
10.48
10.49
10.52
10.51
10.48
10.49
10.48
10.47
10.51
10.48
10.5
10.5
10.5
10.47
10.48
10.45
10.42
10.42
10.38
10.41
10.4
10.37
10.36
10.35
10.34
10.33
10.34
10.28
10.31
10.33
10.34
10.32
10.32
10.32
10.33
10.33
10.34
10.34
10.3
10.29
10.3
10.32
10.27
10.27
10.25
10.23
10.25
10.22
10.17
10.16
10.19
10.22
10.22
10.22
10.26
10.25
10.29
10.3
10.31
10.28
10.32
10.36
10.35
10.37
10.41
10.41
10.4
10.46
10.45
10.44
10.43
10.43
10.44
10.43
10.43
10.4
10.39
10.39
10.41
10.32
10.34
10.32
10.33
10.32
10.32
10.27
10.27
10.24
10.22
10.22
10.23
10.23
10.2
10.23
10.21
10.24
10.29
10.31
10.36
10.31
10.33
10.34
10.32
10.33
10.35
10.36
10.4
10.37
10.35
10.39
10.42
10.39
10.36
10.38
10.39
10.34
10.3
10.35
10.39
10.4
10.35
10.37
10.4
10.41
10.4
10.43
10.5
10.54
10.49
10.48
10.5
10.54
10.53
10.52
10.49
10.53
10.48
10.46
10.46
10.5
10.51
10.5
10.52
10.52
10.49
10.48
10.46
10.47
10.46
10.47
10.44
10.46
10.48
10.52
10.5
10.52
10.54
10.52
10.54
10.53
10.49
10.49
10.49
10.53
10.51
10.53
10.54
10.54
10.53
10.52
10.51
10.49
10.47
10.49
10.5
10.49
10.57
10.53
10.49
10.52
10.51
10.46
10.44
10.41
10.42
10.41
10.42
10.42
10.46
10.46
10.45
10.46
10.41
10.4
10.41
10.38
10.4
10.46
10.52
10.54
10.57
10.59
10.63
10.65
10.71
10.7
10.69
10.68
10.69
10.7
10.72
10.79
10.81
10.82
10.81
10.83
10.81
10.79
10.79
10.82
10.83
10.88
10.84
10.83
10.85
10.86
10.85
10.85
10.86
10.87
10.86
10.86
10.85
10.84
10.82
10.85
10.82
10.84
10.82
10.79
10.76
10.81
10.77
10.79
10.77
10.78
10.78
10.77
10.78
10.77
10.76
10.78
10.77
10.8
10.75
10.77
10.76
10.75
10.71
10.71
10.65
10.63
10.62
10.65
10.61
10.61
10.62
10.6
10.61
10.62
10.66
10.68
10.65
10.71
10.69
10.72
10.81
10.86
10.87
10.9
10.9
10.92
10.88
10.89
10.93
10.93
10.93
10.92
10.92
10.86
10.92
10.92
10.91
10.94
10.91
10.89
10.9
10.9
10.9
10.89
10.89
10.96
11.01
10.97
11.01
11.08
11.1
11.12
11.17
11.14
11.18
11.18
11.15
11.17
11.14
11.1
11.06
11.07
11.06
11.01
10.99
10.98
10.98
10.97
10.92
10.87
10.86
10.85
10.82
10.8
10.84
10.86
10.83
10.83
10.86
10.9
10.88
10.92
10.96
10.93
10.93
10.92
10.88
10.9
10.93
10.93
10.92
10.95
10.94
10.9
10.91
10.94
10.94
10.98
10.98
11.04
11.04
11.06
0
0
0
0
0
0
0
0
0
0
